2.296252
4.122086
6.073266
8.158404
10.368178
12.649576
15.021146
17.574462
20.257541
22.985796
25.864648
28.776564
31.815225
34.945484
38.068789
41.195258
44.430706
47.759134
51.100325
54.484905
57.906658
61.349911
64.827730
68.317947
71.836734
75.304531
77.822434
79.547197
81.351241
83.262253
1.970786
3.716116
5.588548
7.647404
9.768226
12.070206
14.525578
17.095031
19.903362
22.788863
25.867905
29.031281
32.355346
35.723755
39.192194
42.719080
46.326203
50.002900
53.727920
57.460449
61.287377
65.175534
69.107744
72.284694
73.539306
74.949382
76.544408
78.284657
80.131301
82.142919
1.581439
3.213554
5.045362
7.040181
9.202416
11.541924
14.072468
16.826259
19.739448
22.875556
26.144983
29.555803
33.057408
36.651399
40.358768
44.177596
48.070697
51.982080
56.003685
60.057963
64.151823
68.309034
70.862154
71.834270
72.985007
74.270557
75.736490
77.353519
79.135226
81.083720
1.194462
2.787710
4.629880
6.653126
8.840347
11.285368
13.932206
16.806855
19.912514
23.207175
26.658451
30.205817
33.954338
37.785035
41.709182
45.749042
49.863765
53.988421
58.150202
62.415276
66.723400
71.040368
71.773906
72.544592
73.472607
74.623008
75.927582
77.322391
78.941556
80.684593
0.977372
2.692273
4.584158
6.598080
8.869333
11.447798
14.278773
17.354797
20.675008
24.083074
27.654051
31.380266
35.234339
39.261958
43.345827
47.492563
51.739695
56.041265
60.381829
64.778137
69.220836
73.695705
75.298536
76.082466
77.048278
78.112486
79.266660
80.614520
82.158828
83.866700
0.937406
2.681038
4.670708
6.901993
9.352332
12.085738
15.094826
18.308518
21.753435
25.368075
29.109774
32.980521
36.996380
41.110943
45.306889
49.602171
53.953564
58.327332
62.749908
67.196512
71.700744
76.266262
80.853568
83.159307
84.165810
85.300804
86.645576
88.129626
89.715020
91.497529
0.988583
2.759916
4.834773
7.126268
9.962931
12.924165
16.143771
19.595856
23.181681
26.950278
30.810876
34.849654
38.947346
43.145915
47.394360
51.765075
56.177167
60.633643
65.141460
69.673928
74.259591
78.874078
83.498509
87.642712
89.901383
92.192885
94.539712
96.912808
99.333010
101.774165
1.158197
3.045123
5.193402
7.704833
10.595428
13.785219
17.191208
20.807365
24.566789
28.500018
32.494520
36.647894
40.841180
45.173297
49.583901
54.013417
58.507958
63.065020
67.633718
72.246995
75.268104
77.113502
79.130998
81.240612
83.398042
85.591248
87.798288
89.923920
92.119653
94.378312
1.277940
3.307213
5.581242
8.151617
11.156808
14.474171
18.055139
21.813799
25.708361
29.788673
33.928366
38.185275
42.538791
46.911098
51.372339
55.919662
60.491831
65.094826
67.496144
69.125741
70.888236
72.652129
74.554066
76.497796
78.351552
80.276557
82.251969
84.305590
86.429788
88.683263
1.431058
3.518127
5.899477
8.661331
11.803883
15.208997
18.818503
22.667579
26.661246
30.819528
35.028074
39.369405
43.756576
48.203138
52.733861
57.290485
61.904385
63.404382
64.977295
66.716413
68.696157
70.736715
72.781277
74.723143
76.580768
78.478364
80.556076
82.739537
85.056383
87.458742
1.565940
3.742089
6.247870
9.186432
12.471189
15.978317
19.707742
23.642466
27.713741
31.948932
36.260785
40.629488
45.082570
49.617135
54.169132
58.781834
61.272190
62.649706
64.303109
66.135142
68.242610
70.530205
72.973840
74.195921
74.693828
75.470714
76.559100
77.953595
79.620759
81.517483
1.556984
3.893581
6.664797
9.681923
13.072422
16.701074
20.567036
24.573376
28.699952
33.012454
37.374546
41.823187
46.306294
50.870343
55.507642
60.164167
61.459992
62.809184
64.343669
66.060711
68.081443
69.629127
69.773145
70.267531
71.084797
72.212336
73.635897
75.338701
77.315138
79.553580
1.600922
4.167905
7.051077
10.135293
13.579802
17.323026
21.253974
25.322740
29.517752
33.886866
38.307586
42.801269
47.351849
51.959534
56.620943
61.293988
62.556250
63.578775
64.843373
66.356610
68.141145
69.221523
69.526888
70.185435
71.187869
72.521758
74.169389
76.109564
78.312379
80.754271
1.833761
4.457470
7.442110
10.606946
14.065074
17.805910
21.763480
25.913217
30.136428
34.459874
38.865886
43.395043
47.957606
52.557270
57.223688
61.938980
64.278425
65.192727
66.352362
67.767161
69.409543
71.258281
73.116912
73.968632
75.143416
76.626405
78.400113
80.445311
82.741870
85.269639
1.912009
4.641607
7.733980
10.976416
14.516034
18.284961
22.227291
26.308856
30.541573
34.882985
39.343528
43.834816
48.408122
53.036571
57.698282
62.407094
67.020293
67.629212
68.135535
68.826478
69.746796
70.841238
71.461147
72.051045
72.970588
74.215805
75.763589
77.589434
79.674224
81.998211
1.812657
4.635241
7.747049
11.058821
14.618883
18.381364
22.331674
26.460240
30.689280
35.002353
39.416573
43.932879
48.493028
53.090501
57.729063
62.398119
67.109607
67.905411
68.230170
68.649085
68.819059
69.028840
69.440351
70.080332
70.980688
72.124089
73.562801
75.282476
77.214732
79.415228
1.806916
4.518930
7.487526
10.742717
14.239479
17.949810
21.880281
25.913930
30.082861
34.351436
38.736316
43.138374
47.632401
52.198299
56.798503
61.412649
66.071536
69.705156
69.685902
69.785858
69.976286
70.332678
70.930380
71.779228
72.864107
74.168435
75.752371
77.569079
79.626437
81.886725
1.775476
4.330279
7.133272
10.256846
13.651170
17.271586
21.030922
24.930041
29.001029
33.185135
37.439187
41.779241
46.185843
50.681895
55.224356
59.800351
64.436241
69.066244
73.723791
74.083973
74.369691
74.955221
75.745535
76.755605
78.054118
79.525758
81.202872
83.129361
85.232349
87.551214
1.710059
4.125933
6.722812
9.647833
12.886869
16.305529
19.927008
23.682309
27.645529
31.717859
35.857898
40.096846
44.413799
48.833800
53.295481
57.775705
62.317442
66.911904
71.536588
76.199561
80.877224
82.569004
83.539336
84.636006
85.991636
87.555626
89.323616
91.323534
93.468385
95.793025
1.656774
3.794156
6.227449
8.949542
11.955319
15.200162
18.635651
22.283419
26.061241
29.991056
33.990475
38.111079
42.297660
46.627426
50.983482
55.391108
59.821628
64.312851
68.868927
73.445129
78.047857
82.692624
87.358998
92.042485
96.106332
97.843160
99.711140
101.780617
103.971050
106.337442
1.514245
3.497136
5.743836
8.230047
10.982153
14.010277
17.258712
20.667823
24.252073
27.989740
31.829740
35.774912
39.819794
43.955792
48.146143
52.460617
56.792910
61.172889
65.635693
70.120559
74.622283
79.152659
83.716172
88.310617
92.906762
97.526545
102.181957
106.863587
111.562764
116.267308
1.399238
3.226446
5.278670
7.529554
10.023451
12.837927
15.818869
19.004168
22.334043
25.826011
29.451944
33.204372
37.053101
40.998148
45.006827
49.102340
53.235671
57.450694
61.752794
66.068848
70.395759
74.779341
79.219976
83.666667
88.153466
92.686166
97.229862
101.768975
106.333630
110.930483
1.380525
3.074957
4.903637
6.953469
9.266212
11.749700
14.487224
17.417281
20.481767
23.720232
27.061461
30.522196
34.132749
37.821316
41.590349
45.470884
49.428227
53.446593
57.530088
61.683508
65.839859
70.045592
74.310866
78.596247
82.911977
87.210711
91.530256
95.902122
100.326224
104.769417
1.393676
2.898773
4.621544
6.513832
8.606441
10.863531
13.290491
15.924668
18.727568
21.630626
24.742632
27.950290
31.230414
34.614989
38.132827
41.742309
45.479344
49.232624
53.048638
56.935266
60.844309
64.812764
68.835699
72.875373
76.935543
81.078863
85.254074
89.445081
93.656555
97.869990
1.404187
2.859260
4.405148
6.154229
8.038573
10.078879
12.295058
14.653832
17.188978
19.794741
22.511180
25.362611
28.376937
31.429994
34.581060
37.795757
41.137794
44.554203
48.050551
51.612634
55.206629
58.921066
62.663168
66.484242
70.377586
74.326664
78.290718
82.270062
86.300245
90.323708
1.451987
2.882941
4.331108
5.973810
7.702963
9.629096
11.625889
13.723421
15.957005
18.245100
20.685218
23.203583
25.819203
28.517427
31.298605
34.185281
37.231916
40.286351
43.417298
46.651344
49.899403
53.169493
56.388200
59.690304
62.877144
66.134450
69.334491
72.052495
74.809002
77.591537
1.569243
2.965596
4.375684
5.998267
7.660945
9.408457
11.305993
13.238645
15.206705
17.191371
19.291183
21.436563
23.581960
25.828371
28.161710
30.537112
33.029560
35.410674
37.742395
39.973406
42.223894
44.305720
46.275083
48.249300
50.291734
52.201425
54.204660
56.323385
58.421152
60.580764
1.680347
3.095883
4.554296
6.151045
7.793816
9.476942
11.237295
13.086020
14.820032
16.497563
18.211833
19.997289
21.674930
23.482488
25.217382
26.725607
28.004695
29.606789
30.991513
32.140895
33.319938
34.369553
35.394158
36.440466
37.552499
38.689463
40.004797
41.467903
42.831173
44.004898
1.753797
3.232992
4.677064
6.226200
7.875803
9.571522
11.267726
12.951187
14.586570
16.150268
17.667298
19.028402
20.361774
21.617382
22.723831
23.617638
24.390643
25.125439
25.747496
26.252831
26.671043
27.042401
27.480751
28.127880
28.886889
29.851544
30.964984
32.079282
33.161372
34.304573
1.731477
3.294909
4.853779
6.463762
8.128636
9.773699
11.393536
12.964023
14.484049
15.913963
17.177260
18.381396
19.516105
20.633621
21.512584
22.130186
22.645541
23.103849
23.470780
23.773065
24.042987
24.350344
24.696390
25.281863
26.005580
26.896801
27.914585
29.032800
30.159895
31.307135
1.949362
3.558876
5.212566
6.882839
8.534377
10.186920
11.788019
13.292979
14.760067
16.122531
17.375725
18.544610
19.643749
20.693884
21.611928
22.326427
22.856021
23.302451
23.642858
23.983721
24.301926
24.699802
25.215415
25.916427
26.708020
27.570718
28.531898
29.594199
30.692580
31.881233
2.125831
3.862866
5.645932
7.373307
9.084384
10.799096
12.474124
14.097048
15.564454
16.967277
18.319453
19.638382
20.866433
22.035035
23.120132
24.085233
25.014119
25.735497
26.453661
27.197587
27.964673
28.742104
29.613267
30.583896
31.585573
32.607616
33.790979
34.978918
36.213437
37.482032
2.388405
4.172621
6.033145
7.840755
9.658584
11.480887
13.304885
15.128128
16.946430
18.617958
20.173110
21.719440
23.219771
24.683838
26.143596
27.606992
29.062366
30.483130
31.811843
33.210674
34.563872
35.944654
37.322888
38.755328
40.216226
41.704647
43.277720
44.795279
46.354066
47.934729
2.433201
4.340497
6.225595
8.197191
10.229713
12.222894
14.258498
16.305708
18.370793
20.393305
22.432339
24.362290
26.289862
28.178811
30.079919
32.038612
34.007464
35.968323
37.974271
39.953923
41.916319
43.910675
45.889960
47.825847
49.700479
51.634716
53.572687
55.510598
57.485706
59.456023
2.531210
4.394587
6.333832
8.387715
10.541794
12.748656
15.011227
17.249662
19.602297
21.924007
24.270265
26.609632
29.025758
31.389085
33.764550
36.164110
38.594198
41.031063
43.500435
45.995938
48.457465
50.901551
53.380287
55.794683
58.190882
60.504116
62.682115
64.846541
66.898049
68.827211
2.519914
4.346079
6.278360
8.378418
10.640327
12.973168
15.318929
17.777665
20.264425
22.896868
25.506840
28.195916
30.901761
33.672576
36.457563
39.275809
42.154531
45.051461
47.930942
50.848621
53.805082
56.770311
59.715732
62.649345
65.529459
68.260574
70.853446
73.284907
75.681277
77.919371
2.296252
4.122086
6.073266
8.158404
10.368030
12.649576
15.021146
17.574462
20.255422
22.985796
25.861939
28.779704
31.815225
34.942326
38.068789
41.195258
44.430706
47.761194
51.100325
54.480663
57.906658
61.349911
64.827730
68.317947
71.829721
75.301042
77.822252
79.537707
81.351241
83.259541
