8081 0.850984 0.524746 -0.021624
8082 0.851967 0.523057 -0.023723
8084 0.839855 0.542668 0.012450
22960 0.826071 0.562050 0.041311
22961 0.822777 0.566333 0.048014
22945 0.800645 0.596596 0.055143
22947 0.793501 0.605083 0.065040
22957 0.781007 0.614698 0.110340
22959 0.782769 0.604293 0.148671
22979 0.766061 0.619901 0.169921
22982 0.763095 0.614455 0.200328
11091 0.757601 0.615547 0.217122
11090 0.756712 0.603534 0.251264
11090 0.756712 0.603534 0.251264
23002 0.750078 0.588837 0.301089
0 0.000000 0.000000 0.000000
11098 0.733166 0.576388 0.360894
11279 0.734972 0.584341 0.344036
11277 0.718046 0.562748 0.409541
11277 0.718046 0.562748 0.409541
11277 0.718046 0.562748 0.409541
11502 0.714634 0.544278 0.439386
11502 0.714634 0.544278 0.439386
11517 0.712562 0.543548 0.443635
11506 0.716561 0.529622 0.453917
11520 0.726690 0.515873 0.453649
13202 0.884871 0.465282 -0.022737
13202 0.884871 0.465282 -0.022737
13208 0.860941 0.506758 0.044466
13208 0.860941 0.506758 0.044466
8074 0.869959 0.493015 -0.010380
8075 0.865756 0.500202 0.016292
22583 0.848468 0.526826 0.050558
22586 0.850034 0.523436 0.058795
22588 0.840416 0.536633 0.075668
22600 0.840300 0.529635 0.115680
22951 0.823822 0.543848 0.159834
0 0.000000 0.000000 0.000000
22973 0.800730 0.553885 0.228129
22974 0.798522 0.530360 0.284748
22992 0.775228 0.545419 0.318653
22999 0.754511 0.565225 0.333518
23003 0.747430 0.554595 0.365749
23003 0.747430 0.554595 0.365749
0 0.000000 0.000000 0.000000
23021 0.726468 0.545117 0.418439
11237 0.705222 0.511717 0.490721
11237 0.705222 0.511717 0.490721
11275 0.700273 0.508738 0.500802
0 0.000000 0.000000 0.000000
11283 0.665691 0.489538 0.563212
11283 0.665691 0.489538 0.563212
11283 0.665691 0.489538 0.563212
13178 0.905860 0.412441 -0.096486
13034 0.904818 0.420403 -0.067564
0 0.000000 0.000000 0.000000
13326 0.879178 0.476488 0.002178
0 0.000000 0.000000 0.000000
13328 0.874060 0.484266 0.038798
0 0.000000 0.000000 0.000000
8078 0.892870 0.450305 0.002944
8079 0.887346 0.460379 0.025868
22581 0.886910 0.454749 0.081204
22575 0.880789 0.459897 0.112717
22589 0.872225 0.467913 0.142410
22593 0.869915 0.457002 0.185465
22686 0.841026 0.487708 0.234128
22689 0.840128 0.469405 0.271741
22704 0.823240 0.446698 0.350337
22669 0.790801 0.474717 0.386364
22672 0.786853 0.473296 0.396047
22671 0.773393 0.435613 0.460548
22912 0.766091 0.442860 0.465812
22913 0.740293 0.429397 0.517286
23008 0.728218 0.450193 0.516744
23014 0.708498 0.451962 0.541997
23013 0.702378 0.435656 0.562911
0 0.000000 0.000000 0.000000
11244 0.669990 0.421971 0.610781
11244 0.669990 0.421971 0.610781
11244 0.669990 0.421971 0.610781
11247 0.643698 0.406581 0.648340
13256 0.944966 0.304367 -0.120002
13262 0.942547 0.326748 -0.069584
13262 0.942547 0.326748 -0.069584
13267 0.933725 0.357496 -0.018839
13270 0.921906 0.386955 0.018840
13271 0.923131 0.382265 0.041268
13272 0.910954 0.404322 0.081776
13312 0.894268 0.431109 0.120122
8062 0.928812 0.367052 0.050795
22545 0.931804 0.348045 0.102988
22550 0.924457 0.356135 0.136190
22595 0.910892 0.377417 0.166828
22573 0.913485 0.345900 0.214240
22673 0.894287 0.358861 0.267337
22675 0.889389 0.354754 0.288334
22680 0.862843 0.373850 0.340204
22694 0.846118 0.350152 0.401842
22700 0.814246 0.317260 0.486158
22702 0.794400 0.320439 0.515993
0 0.000000 0.000000 0.000000
22893 0.759284 0.325642 0.563422
22894 0.744249 0.312270 0.590407
22903 0.702739 0.285572 0.651619
22903 0.702739 0.285572 0.651619
22904 0.695042 0.290760 0.657553
22918 0.694431 0.290315 0.658394
0 0.000000 0.000000 0.000000
22935 0.646439 0.276812 0.710979
22935 0.646439 0.276812 0.710979
22941 0.615401 0.263054 0.743024
13242 0.971646 0.197741 -0.129621
13246 0.970694 0.233074 -0.058559
13247 0.969534 0.239086 -0.053300
13278 0.969747 0.243327 0.019555
13282 0.951268 0.304461 0.048924
0 0.000000 0.000000 0.000000
13292 0.967813 0.243873 0.062160
13295 0.946559 0.287510 0.146161
8059 0.944005 0.323860 0.063002
22543 0.954280 0.274064 0.119325
22563 0.955097 0.255046 0.150804
22566 0.953790 0.228483 0.195140
22569 0.931680 0.238699 0.273853
22623 0.918134 0.220545 0.329227
22627 0.906481 0.233112 0.352068
22618 0.888636 0.193193 0.415936
22648 0.852225 0.194288 0.485762
22649 0.855047 0.198049 0.479240
22659 0.818422 0.192527 0.541404
22884 0.797903 0.168071 0.578880
0 0.000000 0.000000 0.000000
22821 0.750681 0.165522 0.639594
22821 0.750681 0.165522 0.639594
22831 0.695272 0.158826 0.700978
22831 0.695272 0.158826 0.700978
22829 0.673407 0.114750 0.730312
22829 0.673407 0.114750 0.730312
22874 0.645994 0.138999 0.750580
22856 0.632509 0.126032 0.764230
22856 0.632509 0.126032 0.764230
0 0.000000 0.000000 0.000000
12807 0.996774 0.008436 -0.079820
12811 0.997325 0.069215 -0.023498
12812 0.997132 0.074208 -0.014894
0 0.000000 0.000000 0.000000
0 0.000000 0.000000 0.000000
12831 0.988140 0.121882 0.093401
0 0.000000 0.000000 0.000000
8050 0.974755 0.215008 0.060198
22541 0.964604 0.222346 0.141781
22539 0.968309 0.202740 0.145859
22554 0.960881 0.152273 0.231346
22558 0.948803 0.112539 0.295140
22607 0.939225 0.094991 0.329899
22613 0.911690 0.043706 0.408548
22629 0.879117 0.038487 0.475049
22629 0.879117 0.038487 0.475049
22630 0.840062 0.019360 0.542146
22644 0.810715 0.037817 0.584219
22641 0.797397 0.035722 0.602397
22638 0.785864 0.008527 0.618341
22876 0.753710 -0.005342 0.657185
22878 0.714218 -0.024024 0.699511
22878 0.714218 -0.024024 0.699511
22814 0.709045 -0.022014 0.704819
22815 0.683104 -0.041542 0.729139
22818 0.677689 -0.040599 0.734227
0 0.000000 0.000000 0.000000
0 0.000000 0.000000 0.000000
22812 0.621040 -0.060648 0.781429
22812 0.621040 -0.060648 0.781429
12767 0.976220 -0.169652 -0.134956
12775 0.989119 -0.136983 -0.053665
0 0.000000 0.000000 0.000000
12795 0.989913 -0.141037 0.013433
12802 0.990505 -0.129608 0.045840
0 0.000000 0.000000 0.000000
12801 0.984441 -0.149232 0.092769
7892 0.991649 0.119606 0.048234
22341 0.982642 0.148885 0.110673
22346 0.981976 0.091951 0.165128
0 0.000000 0.000000 0.000000
22367 0.949353 0.015941 0.313806
22365 0.942911 -0.002991 0.333030
22491 0.909287 -0.069153 0.410385
22492 0.893078 -0.078143 0.443063
22498 0.857197 -0.144872 0.494191
22519 0.838818 -0.118263 0.531411
0 0.000000 0.000000 0.000000
22528 0.793017 -0.153064 0.589657
22529 0.765996 -0.164973 0.621316
22529 0.765996 -0.164973 0.621316
0 0.000000 0.000000 0.000000
22807 0.727632 -0.154655 0.668307
22803 0.708753 -0.195337 0.677873
0 0.000000 0.000000 0.000000
22805 0.681986 -0.208726 0.700949
0 0.000000 0.000000 0.000000
22766 0.648305 -0.184204 0.738762
22761 0.636206 -0.205247 0.743717
22762 0.582553 -0.242976 0.775625
9871 0.881484 0.379387 0.281160
9871 0.881484 0.379387 0.281160
9899 0.895314 0.336666 0.291666
9899 0.895314 0.336666 0.291666
9899 0.895314 0.336666 0.291666
10158 0.894067 0.327646 0.305438
10160 0.880697 0.341162 0.328605
7893 0.995546 0.050364 0.079691
7895 0.994832 0.043557 0.091718
22330 0.985089 0.002386 0.172031
22336 0.969254 -0.041470 0.242544
22348 0.943953 -0.114357 0.309637
22352 0.919946 -0.145558 0.364023
22351 0.894687 -0.184759 0.406692
22485 0.868499 -0.205463 0.451103
0 0.000000 0.000000 0.000000
22487 0.831226 -0.254474 0.494274
22476 0.787831 -0.297487 0.539280
22477 0.789480 -0.249105 0.560953
0 0.000000 0.000000 0.000000
22509 0.740163 -0.282483 0.610216
22509 0.740163 -0.282483 0.610216
0 0.000000 0.000000 0.000000
0 0.000000 0.000000 0.000000
22512 0.676323 -0.315193 0.665763
0 0.000000 0.000000 0.000000
22515 0.652264 -0.337202 0.678857
9854 0.933787 0.302989 0.190366
0 0.000000 0.000000 0.000000
9775 0.935475 0.255312 0.244339
9776 0.923330 0.272939 0.270122
9776 0.923330 0.272939 0.270122
9770 0.939829 0.248489 0.234466
9831 0.920204 0.290755 0.262080
9831 0.920204 0.290755 0.262080
9818 0.923733 0.269388 0.272299
9825 0.927124 0.236118 0.291013
7886 0.997700 0.008078 0.067303
7888 0.994742 -0.026753 0.098856
22325 0.985740 -0.088156 0.143337
22326 0.966002 -0.150943 0.209898
22287 0.945149 -0.200410 0.257931
22289 0.910060 -0.250321 0.330350
22316 0.884508 -0.271586 0.379325
22314 0.858538 -0.296564 0.418284
22319 0.817929 -0.349679 0.456854
22319 0.817929 -0.349679 0.456854
22451 0.764762 -0.404473 0.501538
22451 0.764762 -0.404473 0.501538
22452 0.749939 -0.391842 0.532964
0 0.000000 0.000000 0.000000
0 0.000000 0.000000 0.000000
22457 0.706893 -0.418583 0.570167
22456 0.686483 -0.446859 0.573636
22456 0.686483 -0.446859 0.573636
0 0.000000 0.000000 0.000000
9231 0.974298 0.180641 0.134583
9230 0.976405 0.168175 0.135466
0 0.000000 0.000000 0.000000
9757 0.975779 0.152093 0.157233
0 0.000000 0.000000 0.000000
0 0.000000 0.000000 0.000000
9748 0.979760 0.122711 0.158151
9748 0.979760 0.122711 0.158151
9791 0.977059 0.113246 0.180365
0 0.000000 0.000000 0.000000
0 0.000000 0.000000 0.000000
7870 0.996582 -0.082603 0.000643
7871 0.995821 -0.086796 0.028409
7864 0.987213 -0.134563 0.085459
7843 0.949931 -0.259792 0.173609
7842 0.934910 -0.302221 0.186025
22276 0.913791 -0.323387 0.245778
22273 0.881846 -0.362632 0.301407
22272 0.842494 -0.409162 0.350415
0 0.000000 0.000000 0.000000
22304 0.800044 -0.463378 0.381065
22307 0.777711 -0.472533 0.414582
22294 0.761764 -0.488742 0.425260
22293 0.743647 -0.520869 0.419149
22293 0.743647 -0.520869 0.419149
22300 0.698003 -0.519008 0.493378
0 0.000000 0.000000 0.000000
0 0.000000 0.000000 0.000000
0 0.000000 0.000000 0.000000
22245 0.995014 0.091027 0.040756
22242 0.997526 0.054914 0.043887
22241 0.996640 -0.015681 0.080389
22246 0.990490 -0.109723 0.083013
9210 0.998239 -0.037165 0.046230
9207 0.999043 -0.043548 -0.003969
9726 0.999655 -0.015616 0.021122
9735 0.995760 -0.068184 0.061745
9735 0.995760 -0.068184 0.061745
9740 0.993690 -0.070179 0.087497
9739 0.991973 -0.086494 0.092239
0 0.000000 0.000000 0.000000
7866 0.996048 -0.088673 -0.005034
7861 0.989047 -0.147433 0.007093
7834 0.960677 -0.271875 0.056424
7824 0.936491 -0.335883 0.100835
7823 0.899595 -0.410041 0.150317
7831 0.897294 -0.414436 0.152008
7830 0.857025 -0.477079 0.194688
7829 0.813641 -0.539144 0.217514
0 0.000000 0.000000 0.000000
22159 0.753364 -0.601468 0.265854
22156 0.736893 -0.607703 0.296117
22156 0.736893 -0.607703 0.296117
22155 0.690164 -0.642112 0.333714
22155 0.690164 -0.642112 0.333714
0 0.000000 0.000000 0.000000
0 0.000000 0.000000 0.000000
22054 0.991522 0.051343 -0.119363
0 0.000000 0.000000 0.000000
22211 0.997542 -0.057745 -0.039694
22208 0.992542 -0.121044 0.014421
22212 0.992147 -0.120278 0.034312
22209 0.987174 -0.145199 0.066370
9138 0.986713 -0.151262 0.059302
0 0.000000 0.000000 0.000000
0 0.000000 0.000000 0.000000
0 0.000000 0.000000 0.000000
0 0.000000 0.000000 0.000000
0 0.000000 0.000000 0.000000
0 0.000000 0.000000 0.000000
22049 0.934021 0.353637 0.050453
7847 0.992345 -0.116920 -0.039774
7813 0.962252 -0.271244 -0.022300
7804 0.939966 -0.340972 -0.014248
7810 0.905500 -0.422902 0.034988
7807 0.874616 -0.484015 0.027851
7806 0.855463 -0.509292 0.093834
7141 0.826719 -0.555284 0.090524
7164 0.766219 -0.635108 0.097709
0 0.000000 0.000000 0.000000
7154 0.728846 -0.667985 0.150264
7153 0.673247 -0.719023 0.172466
7159 0.682153 -0.714788 0.154096
0 0.000000 0.000000 0.000000
0 0.000000 0.000000 0.000000
7160 0.624118 -0.751671 0.213231
7160 0.624118 -0.751671 0.213231
8787 0.983830 0.005446 -0.179023
8782 0.986666 -0.054762 -0.153271
0 0.000000 0.000000 0.000000
0 0.000000 0.000000 0.000000
8779 0.993632 -0.075187 -0.083914
0 0.000000 0.000000 0.000000
0 0.000000 0.000000 0.000000
0 0.000000 0.000000 0.000000
0 0.000000 0.000000 0.000000
22043 0.902016 0.412032 -0.128831
22043 0.902016 0.412032 -0.128831
0 0.000000 0.000000 0.000000
0 0.000000 0.000000 0.000000
22045 0.890614 0.443611 -0.100075
7750 0.965067 -0.200492 -0.168668
7751 0.938351 -0.329087 -0.105822
7743 0.925392 -0.358171 -0.123944
7741 0.898637 -0.433473 -0.067473
7040 0.851496 -0.518686 -0.076937
7043 0.802973 -0.595622 -0.021640
7135 0.792939 -0.609169 0.012664
7124 0.734156 -0.678969 -0.003942
0 0.000000 0.000000 0.000000
7128 0.695044 -0.716582 0.058515
7126 0.657669 -0.751111 0.057475
7126 0.657669 -0.751111 0.057475
7126 0.657669 -0.751111 0.057475
0 0.000000 0.000000 0.000000
7130 0.628955 -0.771033 0.099617
7118 0.584933 -0.805068 0.098586
8308 0.967348 0.067505 -0.244298
8307 0.979918 0.014914 -0.198840
8305 0.981138 -0.055446 -0.185189
0 0.000000 0.000000 0.000000
8310 0.981063 -0.139819 -0.134038
0 0.000000 0.000000 0.000000
0 0.000000 0.000000 0.000000
0 0.000000 0.000000 0.000000
0 0.000000 0.000000 0.000000
0 0.000000 0.000000 0.000000
0 0.000000 0.000000 0.000000
22037 0.890622 0.367822 -0.267392
0 0.000000 0.000000 0.000000
0 0.000000 0.000000 0.000000
7728 0.946694 -0.227433 -0.228133
7723 0.908769 -0.377202 -0.178485
7721 0.885294 -0.423861 -0.191300
7733 0.860055 -0.482106 -0.166971
7013 0.813939 -0.553267 -0.177199
7037 0.789003 -0.601456 -0.125400
7028 0.732760 -0.669598 -0.121251
7029 0.719042 -0.686266 -0.109626
7029 0.719042 -0.686266 -0.109626
7030 0.680452 -0.731547 -0.042704
0 0.000000 0.000000 0.000000
7024 0.640616 -0.767376 -0.027297
7024 0.640616 -0.767376 -0.027297
0 0.000000 0.000000 0.000000
7018 0.597048 -0.798472 -0.077306
7020 0.547310 -0.836140 -0.036363
8268 0.930473 0.046226 -0.363431
8261 0.949205 -0.050801 -0.310529
8261 0.949205 -0.050801 -0.310529
2687 0.948797 -0.095242 -0.301187
2687 0.948797 -0.095242 -0.301187
8258 0.953174 -0.146257 -0.264703
8168 0.880697 0.353465 -0.315333
8168 0.880697 0.353465 -0.315333
8168 0.880697 0.353465 -0.315333
0 0.000000 0.000000 0.000000
0 0.000000 0.000000 0.000000
8168 0.880697 0.353465 -0.315333
0 0.000000 0.000000 0.000000
0 0.000000 0.000000 0.000000
7433 0.928604 -0.261986 -0.262788
7715 0.890543 -0.375064 -0.257411
7418 0.848594 -0.443372 -0.288634
0 0.000000 0.000000 0.000000
7008 0.798541 -0.536124 -0.273684
7005 0.748698 -0.605521 -0.269808
7001 0.727425 -0.635248 -0.259446
6996 0.676929 -0.698073 -0.233369
6996 0.676929 -0.698073 -0.233369
6988 0.608045 -0.761741 -0.223678
6988 0.608045 -0.761741 -0.223678
0 0.000000 0.000000 0.000000
6986 0.553878 -0.805154 -0.212004
6986 0.553878 -0.805154 -0.212004
0 0.000000 0.000000 0.000000
0 0.000000 0.000000 0.000000
2658 0.912661 0.099384 -0.396450
2534 0.945481 0.163417 -0.281712
2552 0.962525 0.120051 -0.243172
2525 0.970908 0.087309 -0.222966
2524 0.974980 0.029802 -0.220287
2527 0.977820 0.011183 -0.209150
2477 0.979161 0.168887 -0.112783
0 0.000000 0.000000 0.000000
0 0.000000 0.000000 0.000000
2326 0.984599 0.114454 -0.132152
0 0.000000 0.000000 0.000000
0 0.000000 0.000000 0.000000
2326 0.984599 0.114454 -0.132152
2326 0.984599 0.114454 -0.132152
7423 0.894202 -0.286962 -0.343592
7419 0.854897 -0.395665 -0.335558
7415 0.834588 -0.438620 -0.333280
7411 0.816050 -0.467001 -0.340547
6910 0.772034 -0.534306 -0.344212
6911 0.721921 -0.610353 -0.326035
6918 0.718204 -0.614734 -0.326014
6914 0.673093 -0.662254 -0.329191
6913 0.632481 -0.707698 -0.314851
0 0.000000 0.000000 0.000000
6899 0.561473 -0.764263 -0.317254
6899 0.561473 -0.764263 -0.317254
6891 0.554069 -0.771094 -0.313722
6895 0.525047 -0.792265 -0.310871
6895 0.525047 -0.792265 -0.310871
6890 0.449470 -0.845483 -0.288333
6890 0.449470 -0.845483 -0.288333
2443 0.929557 0.225399 -0.291753
2425 0.945301 0.136685 -0.296180
2421 0.945347 0.139199 -0.294862
2308 0.944543 0.209250 -0.253086
2307 0.946774 0.187756 -0.261470
0 0.000000 0.000000 0.000000
0 0.000000 0.000000 0.000000
2300 0.952004 0.130655 -0.276799
0 0.000000 0.000000 0.000000
0 0.000000 0.000000 0.000000
0 0.000000 0.000000 0.000000
0 0.000000 0.000000 0.000000
0 0.000000 0.000000 0.000000
7406 0.867269 -0.240344 -0.435980
7401 0.846720 -0.313152 -0.430118
7391 0.805674 -0.409835 -0.427696
7388 0.780631 -0.477475 -0.403278
7381 0.725641 -0.526222 -0.443324
6903 0.710444 -0.577732 -0.401865
6902 0.677268 -0.604061 -0.420022
6878 0.637230 -0.652693 -0.409793
6878 0.637230 -0.652693 -0.409793
6869 0.580919 -0.688012 -0.434940
6870 0.568130 -0.703638 -0.426758
0 0.000000 0.000000 0.000000
6867 0.546184 -0.717142 -0.432886
6866 0.490906 -0.772749 -0.402331
6866 0.490906 -0.772749 -0.402331
6866 0.490906 -0.772749 -0.402331
6831 0.416646 -0.806642 -0.419208
2391 0.886448 0.287129 -0.362996
0 0.000000 0.000000 0.000000
2376 0.881182 0.270089 -0.388034
2374 0.904821 0.243833 -0.349063
0 0.000000 0.000000 0.000000
0 0.000000 0.000000 0.000000
0 0.000000 0.000000 0.000000
0 0.000000 0.000000 0.000000
0 0.000000 0.000000 0.000000
0 0.000000 0.000000 0.000000
0 0.000000 0.000000 0.000000
2250 0.843494 -0.110504 -0.525648
2249 0.837937 -0.126519 -0.530900
7403 0.850904 -0.195198 -0.487710
7397 0.830762 -0.297984 -0.470148
7396 0.828990 -0.287798 -0.479530
7325 0.758791 -0.394680 -0.518135
7324 0.747427 -0.457029 -0.482159
7316 0.705048 -0.484365 -0.517975
7310 0.680846 -0.500194 -0.535028
7315 0.664919 -0.546026 -0.509645
6835 0.616541 -0.594787 -0.515855
6834 0.565068 -0.632680 -0.529542
6833 0.561045 -0.638014 -0.527415
6825 0.489098 -0.712024 -0.503791
0 0.000000 0.000000 0.000000
6823 0.466839 -0.721489 -0.511385
6823 0.466839 -0.721489 -0.511385
6805 0.412932 -0.738600 -0.532877
6823 0.466839 -0.721489 -0.511385
6804 0.439615 -0.718988 -0.538326
0 0.000000 0.000000 0.000000
1270 0.798522 0.352955 -0.487633
0 0.000000 0.000000 0.000000
1268 0.823961 0.242433 -0.512167
1267 0.823924 0.213221 -0.525058
0 0.000000 0.000000 0.000000
1259 0.805741 0.119890 -0.580007
1254 0.794089 0.113040 -0.597197
0 0.000000 0.000000 0.000000
1038 0.797814 -0.021785 -0.602510
0 0.000000 0.000000 0.000000
1028 0.745976 -0.081012 -0.661028
7440 0.839805 -0.139975 -0.524533
7338 0.826247 -0.178898 -0.534146
7331 0.786050 -0.272353 -0.554932
7317 0.751551 -0.326190 -0.573385
7312 0.724336 -0.393940 -0.565817
7291 0.684445 -0.408186 -0.604085
7290 0.678724 -0.443425 -0.585412
7288 0.651422 -0.480325 -0.587313
7285 0.575399 -0.524356 -0.627668
7277 0.562463 -0.547570 -0.619518
7276 0.531983 -0.565480 -0.630259
7276 0.531983 -0.565480 -0.630259
7272 0.449300 -0.610901 -0.651866
7272 0.449300 -0.610901 -0.651866
6801 0.444593 -0.638000 -0.628723
3194 0.386135 -0.666197 -0.638029
3194 0.386135 -0.666197 -0.638029
3194 0.386135 -0.666197 -0.638029
3194 0.386135 -0.666197 -0.638029
2189 0.361667 -0.667486 -0.650891
2189 0.361667 -0.667486 -0.650891
0 0.000000 0.000000 0.000000
1166 0.717164 0.307312 -0.625488
0 0.000000 0.000000 0.000000
0 0.000000 0.000000 0.000000
1163 0.690664 0.127401 -0.711865
1165 0.706873 0.208138 -0.676025
1162 0.680152 0.111405 -0.724556
1159 0.668724 0.052036 -0.741688
1155 0.632807 -0.034883 -0.773524
7364 0.833761 -0.031794 -0.551209
7362 0.828449 -0.128452 -0.545135
7329 0.799302 -0.174965 -0.574895
7307 0.763421 -0.233074 -0.602382
7303 0.731130 -0.272825 -0.625312
7296 0.703408 -0.315293 -0.637030
7294 0.662268 -0.355697 -0.659455
7293 0.615695 -0.406122 -0.675266
7176 0.573032 -0.432196 -0.696306
7175 0.557907 -0.464659 -0.687627
7173 0.514764 -0.487081 -0.705528
7173 0.514764 -0.487081 -0.705528
0 0.000000 0.000000 0.000000
5527 0.450548 -0.558855 -0.696195
5517 0.435785 -0.516706 -0.736957
5515 0.411081 -0.547056 -0.729206
5515 0.411081 -0.547056 -0.729206
5515 0.411081 -0.547056 -0.729206
5514 0.349411 -0.552487 -0.756750
5514 0.349411 -0.552487 -0.756750
0 0.000000 0.000000 0.000000
5478 0.317598 -0.566604 -0.760323
5477 0.247693 -0.634385 -0.732259
5477 0.247693 -0.634385 -0.732259
0 0.000000 0.000000 0.000000
1175 0.609603 0.317419 -0.726381
0 0.000000 0.000000 0.000000
1117 0.590175 0.248410 -0.768106
0 0.000000 0.000000 0.000000
1113 0.569050 0.217025 -0.793147
7365 0.830405 -0.000833 -0.557160
7351 0.813314 0.008931 -0.581756
7346 0.797556 -0.057094 -0.600538
7340 0.773145 -0.102280 -0.625927
7217 0.736214 -0.151907 -0.659480
7193 0.695047 -0.219961 -0.684490
7189 0.654460 -0.263828 -0.708574
7183 0.605994 -0.288027 -0.741493
7182 0.567909 -0.330561 -0.753796
7182 0.567909 -0.330561 -0.753796
5499 0.512907 -0.395058 -0.762138
5499 0.512907 -0.395058 -0.762138
5501 0.460008 -0.416792 -0.784013
5501 0.460008 -0.416792 -0.784013
0 0.000000 0.000000 0.000000
5489 0.394450 -0.423751 -0.815380
5494 0.391899 -0.456320 -0.798866
0 0.000000 0.000000 0.000000
5354 0.337053 -0.450497 -0.826709
5488 0.332472 -0.457783 -0.824559
5488 0.332472 -0.457783 -0.824559
5487 0.301401 -0.483868 -0.821602
5487 0.301401 -0.483868 -0.821602
5395 0.279629 -0.471605 -0.836299
0 0.000000 0.000000 0.000000
0 0.000000 0.000000 0.000000
5386 0.232136 -0.491581 -0.839322
5342 0.220888 -0.503033 -0.835564
5386 0.232136 -0.491581 -0.839322
5342 0.220888 -0.503033 -0.835564
7367 0.824498 0.099362 -0.557074
7352 0.803435 0.088410 -0.588791
7347 0.786770 0.042572 -0.615777
7231 0.756415 -0.019900 -0.653789
7230 0.741498 -0.035094 -0.670037
7213 0.696240 -0.113295 -0.708812
7211 0.664342 -0.124556 -0.736977
7197 0.619916 -0.169144 -0.766221
5539 0.581369 -0.180883 -0.793279
5538 0.554496 -0.204760 -0.806603
5535 0.533612 -0.265436 -0.802996
5416 0.510863 -0.223025 -0.830228
5414 0.469142 -0.261151 -0.843627
5412 0.471342 -0.260451 -0.842616
5407 0.428376 -0.316954 -0.846188
5405 0.416199 -0.266172 -0.869443
0 0.000000 0.000000 0.000000
0 0.000000 0.000000 0.000000
5394 0.357933 -0.318120 -0.877886
5394 0.357933 -0.318120 -0.877886
0 0.000000 0.000000 0.000000
0 0.000000 0.000000 0.000000
5391 0.289423 -0.371795 -0.882044
0 0.000000 0.000000 0.000000
0 0.000000 0.000000 0.000000
5367 0.263613 -0.342499 -0.901778
5368 0.249890 -0.368659 -0.895347
5365 0.200491 -0.398219 -0.895112
0 0.000000 0.000000 0.000000
0 0.000000 0.000000 0.000000
7503 0.817039 0.185842 -0.545811
7501 0.807495 0.151244 -0.570156
7349 0.788937 0.081741 -0.609013
7233 0.776993 0.085511 -0.623675
7229 0.747275 0.048454 -0.662746
7205 0.710762 0.036343 -0.702493
7202 0.656351 -0.014083 -0.754325
5549 0.647494 -0.012520 -0.761968
5548 0.626718 -0.040049 -0.778217
5427 0.588680 -0.071971 -0.805156
5426 0.553038 -0.107316 -0.826216
0 0.000000 0.000000 0.000000
5422 0.498524 -0.170339 -0.849975
5586 0.488297 -0.116177 -0.864910
0 0.000000 0.000000 0.000000
5561 0.433514 -0.139277 -0.890319
5377 0.401135 -0.164850 -0.901063
5377 0.401135 -0.164850 -0.901063
5559 0.381900 -0.163703 -0.909590
5558 0.356109 -0.182409 -0.916468
0 0.000000 0.000000 0.000000
5554 0.350411 -0.179787 -0.919178
5553 0.308278 -0.212228 -0.927321
5551 0.304414 -0.210574 -0.928973
5551 0.304414 -0.210574 -0.928973
5551 0.304414 -0.210574 -0.928973
5550 0.281915 -0.234634 -0.930307
0 0.000000 0.000000 0.000000
4830 0.243159 -0.237474 -0.940468
4830 0.243159 -0.237474 -0.940468
7511 0.813317 0.227381 -0.535549
7504 0.800397 0.240546 -0.549092
7499 0.791720 0.207125 -0.574699
7246 0.761832 0.181552 -0.621812
7244 0.746796 0.145178 -0.649014
7239 0.718363 0.153717 -0.678473
5661 0.673080 0.104362 -0.732169
5660 0.668050 0.114867 -0.735197
5601 0.644335 0.095732 -0.758728
5594 0.592896 0.050208 -0.803713
5593 0.583607 0.037600 -0.811165
5592 0.551120 0.032515 -0.833792
5579 0.542943 0.011112 -0.839696
5578 0.526064 -0.004238 -0.850434
5576 0.489844 -0.002608 -0.871806
5575 0.457587 -0.017715 -0.888988
5574 0.434501 -0.050434 -0.899258
5574 0.434501 -0.050434 -0.899258
5573 0.412339 -0.052193 -0.909534
5572 0.385549 -0.082020 -0.919034
5572 0.385549 -0.082020 -0.919034
4876 0.349723 -0.084336 -0.933049
4876 0.349723 -0.084336 -0.933049
4876 0.349723 -0.084336 -0.933049
0 0.000000 0.000000 0.000000
4872 0.320120 -0.070982 -0.944714
4871 0.293919 -0.106591 -0.949868
4871 0.293919 -0.106591 -0.949868
4870 0.275749 -0.114043 -0.954441
0 0.000000 0.000000 0.000000
7513 0.808998 0.294567 -0.508677
7513 0.808998 0.294567 -0.508677
7508 0.788586 0.301094 -0.536166
7258 0.767481 0.260467 -0.585773
7255 0.758797 0.249223 -0.601759
7241 0.731579 0.230224 -0.641708
5667 0.697729 0.233456 -0.677254
5666 0.678116 0.215978 -0.702505
5665 0.667932 0.188207 -0.720031
5610 0.641234 0.145670 -0.753392
5607 0.625289 0.130001 -0.769489
5642 0.607687 0.173310 -0.775036
5640 0.577374 0.132479 -0.805660
5624 0.552304 0.121711 -0.824710
5624 0.552304 0.121711 -0.824710
5619 0.499003 0.065769 -0.864101
5630 0.508527 0.108349 -0.854202
5628 0.467954 0.092696 -0.878878
4897 0.442759 0.067673 -0.894083
4897 0.442759 0.067673 -0.894083
0 0.000000 0.000000 0.000000
4899 0.417138 0.096546 -0.903701
0 0.000000 0.000000 0.000000
4888 0.378756 0.033586 -0.924887
4890 0.338435 0.074270 -0.938054
4889 0.312116 0.032832 -0.949476
4890 0.338435 0.074270 -0.938054
0 0.000000 0.000000 0.000000
6195 0.301555 0.044619 -0.952404
6193 0.277742 0.019385 -0.960460
7515 0.808166 0.348066 -0.475097
7510 0.804709 0.329403 -0.493900
7530 0.804533 0.329511 -0.494115
7528 0.773645 0.356373 -0.523900
7265 0.767709 0.304210 -0.563984
7264 0.740938 0.327798 -0.586139
5677 0.726541 0.321479 -0.607281
5673 0.707695 0.293819 -0.642525
5680 0.695891 0.311038 -0.647295
5655 0.667952 0.284465 -0.687692
5654 0.664770 0.274690 -0.694713
5641 0.635125 0.255358 -0.728978
5641 0.635125 0.255358 -0.728978
6391 0.602264 0.228456 -0.764910
6391 0.602264 0.228456 -0.764910
6390 0.568098 0.208830 -0.796024
6388 0.552473 0.212851 -0.805896
6354 0.519537 0.199096 -0.830929
6354 0.519537 0.199096 -0.830929
6224 0.490130 0.183294 -0.852159
6221 0.457491 0.119377 -0.881164
6221 0.457491 0.119377 -0.881164
6220 0.496747 0.106373 -0.861352
6241 0.466245 0.077904 -0.881219
6243 0.463177 0.031933 -0.885690
6243 0.463177 0.031933 -0.885690
6239 0.449390 -0.017382 -0.893167
6276 0.484000 -0.151773 -0.861806
6154 0.472185 -0.149396 -0.868747
6154 0.472185 -0.149396 -0.868747
7540 0.805600 0.378600 -0.455709
7541 0.805824 0.378238 -0.455613
7537 0.778808 0.423947 -0.462306
7529 0.776253 0.393620 -0.492438
7534 0.770865 0.394858 -0.499854
5690 0.743527 0.407263 -0.530382
5688 0.737247 0.406681 -0.539516
5687 0.726119 0.399050 -0.559919
6424 0.726962 0.371805 -0.577311
6421 0.732259 0.369225 -0.572250
6423 0.708860 0.342047 -0.616864
6399 0.711594 0.343590 -0.612846
6400 0.689337 0.322056 -0.648918
6403 0.665625 0.298013 -0.684201
6403 0.665625 0.298013 -0.684201
6367 0.659788 0.289053 -0.693634
6366 0.594309 0.234547 -0.769276
6363 0.621929 0.208769 -0.754732
6376 0.663425 0.197961 -0.721580
6371 0.640662 0.128936 -0.756920
6308 0.634315 0.094363 -0.767294
6300 0.602920 -0.029452 -0.797257
6302 0.624197 -0.017839 -0.781064
6324 0.631684 -0.018216 -0.775012
6324 0.631684 -0.018216 -0.775012
6331 0.600425 -0.060639 -0.797379
6329 0.534630 -0.075032 -0.841749
6330 0.587937 -0.055025 -0.807033
6179 0.548924 -0.099809 -0.829892
23691 0.526841 -0.067741 -0.847260
7671 0.797730 0.432058 -0.420657
7543 0.804205 0.424882 -0.415607
7544 0.777518 0.452283 -0.436927
7545 0.780627 0.444776 -0.439085
8091 0.770909 0.451170 -0.449605
8090 0.762797 0.457113 -0.457371
6437 0.743083 0.450646 -0.494719
6436 0.751820 0.446621 -0.485073
6439 0.767406 0.428519 -0.476928
6458 0.762095 0.408839 -0.502058
6445 0.776311 0.405453 -0.482647
6442 0.751165 0.384821 -0.536344
6444 0.758063 0.382779 -0.528035
6409 0.730455 0.363872 -0.577956
6414 0.747900 0.326190 -0.578139
6485 0.812958 0.195508 -0.548521
6487 0.749873 0.256713 -0.609745
6480 0.747989 0.206316 -0.630830
6477 0.784566 0.135286 -0.605106
6476 0.785832 0.135325 -0.603453
6502 0.767865 0.112654 -0.630628
6350 0.750174 0.040943 -0.659972
6347 0.740323 0.014480 -0.672095
6347 0.740323 0.014480 -0.672095
23962 0.730875 0.022831 -0.682130
23976 0.732877 0.059201 -0.677781
23966 0.691377 0.053448 -0.720515
0 0.000000 0.000000 0.000000
0 0.000000 0.000000 0.000000
23771 0.718385 0.038351 -0.694587
7675 0.799704 0.450191 -0.397242
7673 0.801525 0.457019 -0.385605
8096 0.801194 0.457523 -0.385694
8097 0.776163 0.496467 -0.388705
6590 0.767796 0.482622 -0.421384
6590 0.767796 0.482622 -0.421384
6590 0.767796 0.482622 -0.421384
6597 0.769068 0.474065 -0.428716
6587 0.783557 0.454430 -0.423712
6598 0.794709 0.446582 -0.411099
6461 0.780761 0.437552 -0.446050
6457 0.805767 0.390169 -0.445542
6455 0.807448 0.372555 -0.457417
6560 0.812832 0.369441 -0.450354
6553 0.827398 0.309740 -0.468481
6558 0.850431 0.289391 -0.439340
6532 0.844460 0.253251 -0.471965
6533 0.864302 0.250178 -0.436340
6526 0.869303 0.217342 -0.443931
6528 0.878792 0.182712 -0.440841
24063 0.883853 0.167049 -0.436919
24053 0.870773 0.152924 -0.467299
24054 0.850218 0.196475 -0.488393
24056 0.851716 0.194233 -0.486675
24028 0.822792 0.236796 -0.516663
24027 0.816468 0.251794 -0.519596
24026 0.793691 0.254188 -0.552669
24032 0.801895 0.252216 -0.541618
24019 0.812993 0.233632 -0.533346
24022 0.807685 0.288044 -0.514466
7678 0.790843 0.495599 -0.359095
7678 0.790843 0.495599 -0.359095
8104 0.790891 0.524065 -0.315987
8109 0.781876 0.529026 -0.329852
8109 0.781876 0.529026 -0.329852
8100 0.783035 0.503878 -0.364641
8100 0.783035 0.503878 -0.364641
6605 0.793424 0.492753 -0.357312
6610 0.817464 0.468705 -0.334767
6608 0.815120 0.468895 -0.340172
6642 0.819355 0.427631 -0.381823
6641 0.837868 0.419240 -0.349592
6636 0.848052 0.419070 -0.324328
6635 0.834849 0.398587 -0.379679
6648 0.879874 0.352255 -0.318964
6576 0.885669 0.305862 -0.349340
6579 0.896753 0.288023 -0.335971
6542 0.905678 0.273304 -0.324118
24102 0.906811 0.288112 -0.307709
24101 0.914111 0.264090 -0.307665
24101 0.914111 0.264090 -0.307665
24108 0.910225 0.276214 -0.308540
24090 0.888606 0.314414 -0.333950
24110 0.885198 0.324719 -0.333140
24094 0.871852 0.356433 -0.335901
24080 0.849682 0.392712 -0.351876
24135 0.836639 0.403752 -0.370162
24135 0.836639 0.403752 -0.370162
24137 0.833476 0.407949 -0.372686
24137 0.833476 0.407949 -0.372686
7682 0.820836 0.506458 -0.264062
8112 0.794139 0.535564 -0.287253
8113 0.791337 0.541208 -0.284394
8113 0.791337 0.541208 -0.284394
8119 0.793303 0.541026 -0.279216
8119 0.793303 0.541026 -0.279216
6617 0.806702 0.533197 -0.254819
6616 0.815251 0.511140 -0.272216
6619 0.828455 0.490839 -0.269703
6675 0.827182 0.496413 -0.263332
6673 0.842596 0.469513 -0.263797
6678 0.856763 0.447808 -0.255785
6678 0.856763 0.447808 -0.255785
6691 0.864753 0.432246 -0.255667
6693 0.890943 0.395770 -0.222682
6668 0.896821 0.365057 -0.249891
25138 0.916194 0.338406 -0.214637
25094 0.924606 0.319506 -0.207414
25093 0.926061 0.319240 -0.201239
25093 0.926061 0.319240 -0.201239
25107 0.925780 0.331874 -0.181085
25100 0.917906 0.340812 -0.203212
25106 0.910300 0.373847 -0.177742
25103 0.895921 0.400194 -0.192799
25160 0.887255 0.413969 -0.203490
25162 0.884930 0.421300 -0.198510
25164 0.867121 0.462150 -0.185791
24181 0.867022 0.462268 -0.185962
24180 0.859884 0.460640 -0.220025
24182 0.848476 0.481957 -0.218645
8122 0.800818 0.555250 -0.224471
8123 0.800216 0.569243 -0.188723
8127 0.801493 0.567082 -0.189807
8127 0.801493 0.567082 -0.189807
8125 0.810765 0.558504 -0.175311
6623 0.806694 0.559665 -0.189788
6626 0.814465 0.545209 -0.198477
6626 0.814465 0.545209 -0.198477
6715 0.837836 0.520980 -0.163127
6684 0.850716 0.502217 -0.155113
6684 0.850716 0.502217 -0.155113
6689 0.856309 0.496039 -0.143808
6690 0.863063 0.478385 -0.162081
6706 0.878800 0.452542 -0.151382
6712 0.879371 0.461344 -0.117766
6714 0.898614 0.424337 -0.111493
25154 0.914519 0.398754 -0.068199
25158 0.915079 0.401618 -0.036521
25157 0.917101 0.387416 -0.093991
25128 0.912287 0.408450 -0.030027
25131 0.912447 0.408246 -0.027859
25131 0.912447 0.408246 -0.027859
25132 0.902770 0.430119 0.001986
25198 0.890285 0.455186 0.014049
25199 0.891001 0.453803 0.013403
25205 0.872609 0.488208 0.014345
25205 0.872609 0.488208 0.014345
25205 0.872609 0.488208 0.014345
25213 0.865092 0.501514 0.009983
25213 0.865092 0.501514 0.009983
8017 0.809300 0.561114 -0.173737
8129 0.802461 0.575996 -0.155838
8130 0.802705 0.574978 -0.158318
8130 0.802705 0.574978 -0.158318
8141 0.808520 0.572219 -0.137331
8141 0.808520 0.572219 -0.137331
6721 0.815435 0.570657 -0.097032
6721 0.815435 0.570657 -0.097032
6722 0.833775 0.545171 -0.087222
6750 0.841322 0.536090 -0.069168
6748 0.856903 0.513663 -0.043220
6752 0.859556 0.509250 -0.042754
6752 0.859556 0.509250 -0.042754
6762 0.866653 0.498805 0.010329
6762 0.866653 0.498805 0.010329
6765 0.867013 0.498184 0.010055
25269 0.878159 0.478192 0.012994
25271 0.863577 0.499396 0.069559
25272 0.880708 0.467673 0.075071
25231 0.872637 0.471795 0.126153
25231 0.872637 0.471795 0.126153
25232 0.872309 0.472215 0.126844
25294 0.861786 0.480375 0.162988
25294 0.861786 0.480375 0.162988
25298 0.859906 0.482588 0.166344
25296 0.854141 0.493803 0.163101
25296 0.854141 0.493803 0.163101
25288 0.845111 0.498859 0.192165
25310 0.846811 0.492429 0.201061
25306 0.847440 0.495990 0.189313
8018 0.804816 0.582542 -0.113653
8131 0.804492 0.580153 -0.127336
8132 0.805606 0.577553 -0.132032
8137 0.802143 0.590677 -0.087568
8147 0.799337 0.595469 -0.080475
8142 0.807797 0.587040 -0.053370
8142 0.807797 0.587040 -0.053370
6729 0.808589 0.587993 -0.021155
6731 0.811692 0.583977 -0.011277
6772 0.815939 0.577960 0.014354
6773 0.837294 0.546698 0.007721
6777 0.844525 0.534555 0.032086
6775 0.852072 0.522080 0.037479
6778 0.839277 0.539543 0.067139
6791 0.845873 0.529722 0.062394
6796 0.837365 0.530953 0.130032
6798 0.837444 0.530295 0.132191
25281 0.836995 0.526890 0.147735
6797 0.830780 0.529571 0.171345
25285 0.841077 0.514950 0.165576
25286 0.830403 0.522930 0.192289
25246 0.832797 0.519968 0.189953
25256 0.833810 0.509270 0.213083
26956 0.846551 0.488388 0.211729
26956 0.846551 0.488388 0.211729
25258 0.837537 0.500651 0.218817
25258 0.837537 0.500651 0.218817
26992 0.833151 0.508240 0.218064
26992 0.833151 0.508240 0.218064
26992 0.833151 0.508240 0.218064
8021 0.832276 0.550091 -0.068671
8157 0.831866 0.551409 -0.062830
8144 0.816513 0.572768 -0.072412
8146 0.813171 0.580896 -0.036233
8151 0.800925 0.598719 -0.007379
8150 0.803984 0.594447 -0.015577
8155 0.799022 0.601036 0.017882
6732 0.801645 0.597637 0.013960
8165 0.797433 0.601412 0.049031
6736 0.801748 0.592817 0.075952
11108 0.810657 0.581392 0.069416
11085 0.804394 0.585830 0.098757
11104 0.798174 0.592429 0.109295
11112 0.807482 0.570676 0.149338
11109 0.817566 0.555406 0.152023
11102 0.817290 0.550758 0.169421
11126 0.807215 0.558719 0.190361
11120 0.808124 0.557096 0.191258
11129 0.795743 0.560426 0.229597
11132 0.807292 0.543734 0.229419
11132 0.807292 0.543734 0.229419
11132 0.807292 0.543734 0.229419
26953 0.802476 0.544824 0.243308
26965 0.814433 0.521137 0.255176
26964 0.817003 0.519505 0.250240
26984 0.824842 0.512074 0.239618
26983 0.844756 0.480757 0.235077
26976 0.853719 0.472566 0.218735
27008 0.869498 0.446947 0.210265
27013 0.874194 0.452323 0.176606
8071 0.847248 0.528821 -0.050192
8158 0.835043 0.547540 -0.053883
8145 0.815527 0.578020 -0.028434
8161 0.825919 0.563690 0.010573
22943 0.802190 0.595787 0.039095
22943 0.802190 0.595787 0.039095
22965 0.791195 0.607504 0.070347
22946 0.790456 0.609382 0.061909
22966 0.779545 0.615847 0.114206
22966 0.779545 0.615847 0.114206
11087 0.789233 0.600693 0.127586
11088 0.782726 0.600417 0.163829
11092 0.776038 0.603405 0.183486
11092 0.776038 0.603405 0.183486
11143 0.791801 0.585904 0.172532
11144 0.777233 0.589917 0.218876
11147 0.766160 0.591875 0.250365
11147 0.766160 0.591875 0.250365
11140 0.771843 0.578973 0.262771
11140 0.771843 0.578973 0.262771
11161 0.763908 0.563643 0.314246
11159 0.781195 0.548846 0.297493
11160 0.770059 0.546970 0.328380
11101 0.778874 0.525817 0.341866
11401 0.807823 0.497035 0.316824
27025 0.799802 0.499795 0.332448
27024 0.825090 0.470809 0.312354
27030 0.846006 0.440563 0.300297
27042 0.849442 0.435673 0.297721
27044 0.878131 0.405664 0.253620
8081 0.850984 0.524746 -0.021624
8082 0.851967 0.523057 -0.023723
8084 0.839855 0.542668 0.012450
22960 0.826071 0.562050 0.041311
22961 0.822777 0.566333 0.048014
22945 0.800645 0.596596 0.055143
22947 0.793501 0.605083 0.065040
22957 0.781007 0.614698 0.110340
22959 0.782769 0.604293 0.148671
22979 0.766061 0.619901 0.169921
22982 0.763095 0.614455 0.200328
11091 0.757601 0.615547 0.217122
11090 0.756712 0.603534 0.251264
11090 0.756712 0.603534 0.251264
23002 0.750078 0.588837 0.301089
0 0.000000 0.000000 0.000000
11098 0.733166 0.576388 0.360894
11279 0.734972 0.584341 0.344036
11277 0.718046 0.562748 0.409541
11277 0.718046 0.562748 0.409541
11277 0.718046 0.562748 0.409541
11502 0.714634 0.544278 0.439386
11502 0.714634 0.544278 0.439386
11517 0.712562 0.543548 0.443635
11517 0.712562 0.543548 0.443635
11519 0.737659 0.516914 0.434349
13202 0.884871 0.465282 -0.022737
13203 0.879026 0.476771 0.001714
13208 0.860941 0.506758 0.044466
13206 0.860855 0.506835 0.045236
