103.843461 -61.918412 -115.353584
101.781839 -65.320711 -115.731709
97.789993 -70.947053 -114.606490
91.870858 -76.253621 -112.768625
88.562365 -78.067447 -111.915106
87.705586 -78.477492 -111.584060
84.493139 -79.669850 -110.517163
83.566758 -79.837799 -110.790486
82.529141 -80.204867 -109.678972
81.268437 -80.386450 -109.647197
80.647954 -80.503044 -108.950028
80.175817 -80.567589 -108.889671
79.578453 -80.641913 -108.792604
79.130465 -80.697128 -108.730757
78.703946 -80.753643 -108.538970
78.267180 -80.806937 -108.491180
77.838418 -80.859336 -108.441627
76.817036 -80.908198 -108.312358
76.516441 -80.905598 -108.274116
76.219430 -80.903055 -108.234498
75.921940 -80.899092 -108.239887
75.638233 -80.898142 -108.152352
75.354817 -80.895774 -108.110323
75.076555 -80.893465 -108.067929
74.803632 -80.891215 -108.025341
74.536175 -80.889022 -107.982699
74.274263 -80.886886 -107.940127
74.130501 -80.885929 -107.898568
74.090321 -80.882092 -107.856577
73.900874 -80.861865 -107.814687
73.668201 -80.837189 -107.867160
73.479730 -80.818296 -107.837219
73.294852 -80.799759 -107.807324
73.113576 -80.781579 -107.777533
72.935899 -80.763757 -107.747897
72.761801 -80.746290 -107.718458
65.533727 -88.141340 -105.628704
65.538892 -88.514707 -105.658990
65.542832 -88.882980 -105.692512
65.546606 -89.237874 -105.724887
65.498805 -89.344817 -105.888799
65.491422 -89.683074 -105.910783
65.484293 -90.009675 -105.932013
65.477405 -90.325184 -105.952523
65.470747 -90.630136 -105.972349
65.464308 -90.925028 -105.991524
65.458078 -91.210331 -106.010076
65.452047 -91.486487 -106.028036
65.486357 -91.626569 -105.908139
65.519597 -91.762282 -105.791981
102.129458 -62.020759 -119.780205
99.712638 -65.808035 -120.015206
96.041724 -70.391069 -119.724438
92.229317 -73.806315 -119.453052
86.508649 -77.531179 -117.700676
85.042421 -78.125963 -117.345263
81.593477 -79.173621 -116.905134
80.782784 -79.327327 -116.829638
80.147533 -79.431903 -116.852381
79.163070 -79.526017 -117.079030
77.969493 -79.670371 -116.898040
77.460383 -79.731944 -116.820841
76.955911 -79.792956 -116.744344
76.457720 -79.853208 -116.668800
75.967106 -79.912544 -116.594405
75.485074 -79.970841 -116.521312
75.002902 -80.020301 -116.506069
74.529139 -80.067342 -116.501260
73.512690 -80.119624 -116.425331
73.201871 -80.098419 -116.421019
72.895490 -80.077994 -116.413167
72.593992 -80.058316 -116.402255
72.297725 -80.039354 -116.388703
72.010759 -80.021238 -116.373682
71.785112 -79.995886 -116.366912
71.579398 -79.968932 -116.391971
71.357783 -79.937631 -116.395071
71.134180 -79.906827 -116.390483
71.030920 -79.883562 -116.460680
70.833430 -79.849739 -116.463417
70.639452 -79.816662 -116.464321
70.449046 -79.784325 -116.463589
70.262248 -79.752721 -116.461401
70.079071 -79.721837 -116.457915
62.288220 -86.807935 -114.319497
62.214761 -87.171324 -114.516549
62.144091 -87.520920 -114.706121
62.105030 -87.903078 -114.815266
62.068973 -88.273639 -114.916427
62.034184 -88.630708 -115.014018
62.000601 -88.974971 -115.108218
61.968166 -89.307070 -115.199190
61.936822 -89.627610 -115.287091
61.906519 -89.937156 -115.372065
61.877208 -90.236238 -115.454251
61.885486 -90.383373 -115.436390
61.887765 -90.520717 -115.413024
61.838885 -90.800811 -115.486268
61.766782 -90.963782 -115.623598
61.716629 -91.229802 -115.688156
100.918147 -60.711473 -124.037246
98.362878 -64.286767 -124.991767
94.325711 -69.055927 -125.320499
89.869678 -73.225201 -124.624918
85.802982 -75.933620 -123.730514
84.217694 -76.656852 -123.551861
80.686095 -78.092927 -122.421721
78.809293 -78.384973 -122.854635
77.622215 -78.648792 -122.410663
76.885835 -78.711089 -122.677864
76.161221 -78.776406 -122.919296
74.838946 -78.873806 -123.070750
74.135730 -78.869438 -123.406756
73.522369 -78.891629 -123.566721
72.443436 -78.927264 -123.484168
71.922815 -78.912645 -123.638830
71.412750 -78.900201 -123.778872
70.359615 -78.861554 -123.876581
69.986381 -78.802994 -123.980315
69.629380 -78.746288 -124.084012
69.278449 -78.691812 -124.177784
68.915363 -78.630646 -124.249022
68.599807 -78.573756 -124.337990
68.290238 -78.518809 -124.419006
67.986851 -78.465732 -124.492804
67.689777 -78.414452 -124.560040
67.399092 -78.364899 -124.621308
67.114829 -78.317004 -124.677143
66.864197 -78.278430 -124.686371
66.596837 -78.232766 -124.726613
66.335631 -78.188590 -124.762984
66.095967 -78.147984 -124.796852
66.093910 -78.140845 -124.842843
66.092001 -78.134222 -124.885515
58.278295 -85.498309 -122.740172
58.196802 -85.889028 -122.941766
58.118256 -86.264484 -123.135932
58.042510 -86.625503 -123.323049
57.969424 -86.972851 -123.503473
57.898868 -87.307248 -123.677536
57.830722 -87.629365 -123.845552
57.783268 -87.838596 -123.951728
57.711878 -88.142309 -124.106931
57.607819 -88.264387 -124.307885
57.521910 -88.488142 -124.467010
57.439761 -88.731135 -124.615294
57.354199 -88.984226 -124.769740
57.274619 -89.234374 -124.912413
57.207639 -89.492906 -125.029322
57.142727 -89.743260 -125.142633
100.289245 -55.985061 -129.061126
96.733011 -62.105404 -130.123389
94.225008 -65.338307 -130.497143
89.694290 -70.233520 -130.296705
86.615943 -72.406554 -130.551892
82.528316 -74.502986 -130.839727
79.814846 -75.928861 -130.065077
78.247814 -76.417666 -130.040894
75.022678 -77.364339 -129.351790
73.840186 -77.397926 -129.810822
72.595642 -77.398185 -130.189371
71.061334 -77.535910 -129.752579
70.514844 -77.584964 -129.597003
69.332026 -77.436816 -130.411333
68.482957 -77.313391 -130.742097
67.910069 -77.232754 -130.954729
67.153717 -77.188576 -130.863343
66.639389 -77.102174 -131.085399
66.019650 -77.005145 -131.228685
65.557238 -76.916097 -131.426673
65.105182 -76.831162 -131.608637
64.640754 -76.681476 -131.888710
64.230532 -76.603978 -131.952200
63.833820 -76.527686 -132.015718
63.446691 -76.454917 -132.071905
63.069127 -76.385457 -132.121487
62.701063 -76.319111 -132.165110
62.433285 -76.236054 -132.307954
62.102512 -76.165015 -132.359811
61.780060 -76.096763 -132.406417
61.465788 -76.031152 -132.448247
61.219110 -75.989417 -132.442526
61.128904 -76.003378 -132.325057
60.931472 -75.968152 -132.286099
53.511513 -82.986881 -130.893121
53.358661 -83.261255 -131.188237
53.234554 -83.612371 -131.445236
53.115027 -83.949692 -131.692638
53.003907 -84.067691 -131.884211
52.880559 -84.388858 -132.108557
52.761580 -84.698102 -132.324922
52.717253 -85.058228 -132.423900
52.617093 -85.356459 -132.605057
52.536057 -85.657949 -132.755649
52.424049 -85.921182 -132.949015
52.315675 -86.175288 -133.136051
52.210770 -86.420711 -133.317047
52.109178 -86.657868 -133.492278
52.010751 -86.887149 -133.662004
51.915349 -87.108922 -133.826468
99.075156 -51.540474 -133.145162
95.994002 -57.824489 -134.669267
92.369192 -62.860285 -135.563327
89.112954 -66.422800 -136.090169
84.030160 -70.267589 -136.625060
81.712189 -70.869205 -137.822375
78.253335 -73.256097 -136.745565
74.954521 -74.325012 -136.791099
72.330250 -74.670626 -137.160145
70.990169 -74.654434 -137.569620
69.860452 -74.812699 -137.540693
68.210805 -74.898385 -137.605478
65.894524 -74.877645 -137.624654
64.808782 -74.693212 -137.808539
64.143806 -74.535222 -138.018754
62.967907 -74.376400 -137.967073
62.415597 -74.202923 -138.155997
61.876266 -74.036950 -138.331172
61.350288 -73.878181 -138.493723
60.834535 -73.728805 -138.636585
60.323867 -73.592127 -138.748386
59.825622 -73.462571 -138.847436
59.339919 -73.339669 -138.935029
58.866774 -73.222987 -139.012321
58.422453 -73.112375 -139.068446
57.981969 -72.998967 -139.135560
57.555180 -72.895187 -139.185848
57.139969 -72.796250 -139.229426
56.736116 -72.701859 -139.266965
56.343373 -72.611738 -139.299063
55.961478 -72.525630 -139.326259
55.590154 -72.443298 -139.349035
55.229115 -72.364518 -139.367826
54.878070 -72.289085 -139.383022
48.171362 -79.314033 -138.341695
47.987317 -79.639210 -138.671368
47.948822 -79.711109 -138.740391
47.704552 -80.053165 -139.104954
47.517490 -80.351611 -139.392689
47.320235 -80.595582 -139.687105
47.146524 -80.873464 -139.952899
46.978977 -81.140883 -140.209200
46.817290 -81.398382 -140.456479
46.661177 -81.646471 -140.695177
46.510371 -81.885628 -140.925709
46.364620 -82.116298 -141.148465
46.223688 -82.338900 -141.363812
46.087350 -82.553830 -141.572094
45.955397 -82.761456 -141.773638
45.827630 -82.962125 -141.968750
98.007473 -46.386564 -136.024422
95.558053 -52.601858 -137.992667
91.366417 -58.315276 -140.325114
89.267237 -59.879838 -141.658100
84.452007 -64.128520 -143.083040
79.259262 -67.757834 -143.620824
77.320719 -68.361166 -144.205658
72.417758 -70.346392 -144.320155
70.572454 -70.535807 -144.712426
67.648019 -71.341945 -144.343172
65.628802 -71.427684 -144.493628
64.517139 -71.320407 -144.778106
61.933645 -71.537129 -144.329686
60.381069 -71.543984 -143.805307
59.651881 -71.405662 -143.895417
58.595747 -71.064284 -144.305036
57.866653 -70.834183 -144.534330
56.985747 -70.623467 -144.621463
56.324797 -70.403946 -144.816827
55.680670 -70.196847 -144.990993
55.043807 -69.977270 -145.182009
54.438159 -69.793537 -145.306487
53.849390 -69.619858 -145.416251
53.277367 -69.455546 -145.512799
52.728580 -69.293520 -145.595162
52.201290 -69.140667 -145.667833
51.697509 -69.026748 -145.654351
51.204518 -68.896761 -145.678597
50.725971 -68.773330 -145.696574
50.261489 -68.656028 -145.708965
49.810685 -68.544457 -145.716383
49.526796 -68.480592 -145.689072
49.122045 -68.372986 -145.679201
48.728931 -68.270231 -145.666144
42.394033 -74.534349 -144.618543
42.154789 -74.890518 -144.966525
41.886131 -75.158800 -145.327996
41.627702 -75.415670 -145.675437
41.378973 -75.661782 -146.009588
41.139447 -75.897747 -146.331145
40.943524 -76.122899 -146.594517
40.715148 -76.341083 -146.891846
40.494840 -76.550681 -147.178477
40.253699 -76.684976 -147.472708
40.076882 -76.945935 -147.721740
39.878512 -77.132426 -147.979341
39.664546 -77.257384 -148.241229
39.473555 -77.417804 -148.484387
39.281236 -77.553334 -148.724239
39.102010 -77.702694 -148.951235
97.264192 -43.472743 -137.336992
94.057760 -46.786560 -141.546717
91.271140 -50.643687 -144.067660
87.137482 -55.131146 -146.697977
82.696712 -59.886204 -147.855445
78.269466 -62.150871 -149.531235
74.363532 -64.125164 -150.216284
70.474640 -65.361663 -150.867110
68.270754 -65.810563 -151.176547
63.673749 -67.471495 -150.468997
62.625158 -67.108497 -151.055739
58.960492 -67.824543 -150.170368
57.258942 -67.455814 -150.442698
56.036785 -67.274067 -150.437299
55.040682 -66.981980 -150.657826
53.879142 -66.571261 -150.961854
52.362156 -66.341138 -150.669677
51.583109 -66.169074 -150.616535
50.801364 -65.883454 -150.766358
50.001264 -65.542089 -150.975511
49.165357 -65.277605 -151.031134
48.483009 -65.034701 -151.084294
47.830231 -64.799557 -151.139974
47.196555 -64.577734 -151.182792
46.581742 -64.368305 -151.214236
45.985471 -64.170413 -151.235629
45.339083 -63.997697 -151.235766
44.734908 -63.844785 -151.242607
44.197533 -63.727404 -151.214415
43.645450 -63.588206 -151.195838
43.110734 -63.456592 -151.172641
42.595627 -63.329090 -151.150902
42.094334 -63.210534 -151.120746
41.608676 -63.098130 -151.087533
36.107958 -68.269858 -150.485323
35.730018 -68.470757 -150.923610
35.405339 -68.716179 -151.309757
35.093698 -68.951218 -151.680326
34.794390 -69.176465 -152.036166
34.549400 -69.398999 -152.322412
34.263616 -69.606551 -152.649463
33.983249 -69.829924 -152.973338
33.720890 -70.019192 -153.277444
33.468138 -70.201111 -153.570353
33.224509 -70.376073 -153.852634
33.055994 -70.567154 -154.042869
32.810675 -70.728640 -154.302251
32.573742 -70.884187 -154.552703
32.344793 -71.034097 -154.794656
32.123457 -71.178653 -155.028509
95.580478 -39.693625 -139.743852
93.811775 -41.130919 -142.285542
90.453877 -44.707971 -146.349318
86.707265 -48.304215 -149.706191
83.394124 -50.153475 -152.249233
79.013961 -53.912192 -154.241589
73.047507 -57.658979 -155.942539
67.479536 -61.176771 -155.819053
65.625141 -61.227742 -156.398294
60.892322 -62.254832 -156.639230
57.598200 -62.865162 -156.277734
55.773765 -62.758572 -156.362231
53.535761 -62.634145 -156.276859
52.208162 -62.316696 -156.518371
50.311739 -62.320890 -156.141461
48.183088 -62.305300 -155.573231
46.961856 -62.220122 -155.153184
46.003350 -61.599634 -155.764150
45.034196 -61.247718 -155.929727
44.094798 -60.919604 -156.068886
43.202230 -60.628035 -156.175075
42.318420 -60.343356 -156.273568
41.463821 -60.077380 -156.353451
40.637854 -59.828675 -156.416848
39.801216 -59.611656 -156.406972
39.021874 -59.331891 -156.492856
38.306317 -59.113631 -156.500727
37.614887 -58.908382 -156.499211
36.946803 -58.715194 -156.489464
36.301267 -58.533193 -156.472513
35.772082 -58.415417 -156.408018
35.241986 -58.269950 -156.311864
34.711640 -58.108089 -156.232701
34.198324 -57.954768 -156.151379
30.009425 -61.229678 -155.602884
29.609051 -61.426296 -156.033166
29.222398 -61.600892 -156.445217
28.854974 -61.781832 -156.839617
28.483269 -61.834561 -157.213527
28.142595 -62.017415 -157.571524
27.815551 -62.192860 -157.915185
27.501402 -62.361301 -158.245288
27.241096 -62.547249 -158.507598
26.922332 -62.699338 -158.806589
26.616359 -62.829244 -159.073383
26.307662 -62.977987 -159.344222
26.010041 -63.121248 -159.605329
25.721037 -63.259084 -159.855740
25.441126 -63.391117 -160.098124
25.170821 -63.518471 -160.332174
94.198588 -33.323710 -140.567227
91.860866 -36.008764 -144.386641
89.889060 -36.601148 -147.025184
86.179589 -40.334630 -151.537017
82.647341 -42.973613 -154.727605
78.488513 -46.662380 -157.425269
73.938067 -48.393740 -160.101516
68.674348 -52.259642 -161.386434
63.078373 -55.752803 -161.514478
60.403775 -56.630697 -161.596669
55.267339 -57.597843 -161.790199
49.939701 -58.665350 -160.588888
48.373179 -58.165203 -160.897932
46.868316 -57.708335 -161.169258
45.128167 -57.649667 -160.887558
42.975769 -57.141503 -160.991386
41.409953 -56.849039 -160.837137
39.622036 -56.169740 -161.078357
38.512351 -55.754702 -161.132971
37.342315 -55.420666 -161.040916
36.355981 -55.150181 -160.925307
35.360583 -54.790104 -160.960831
34.397541 -54.469671 -160.957628
33.468350 -54.171866 -160.939255
32.555588 -53.889476 -160.904087
31.694934 -53.629684 -160.859828
30.828628 -53.471810 -160.649890
30.037732 -53.224013 -160.614500
29.205172 -52.965732 -160.543133
28.555011 -52.813852 -160.431259
27.839658 -52.597799 -160.408622
27.238562 -52.465104 -160.442609
26.434313 -52.402696 -160.474472
25.674068 -52.359777 -160.449818
24.830355 -52.432150 -160.495538
23.950152 -52.882528 -160.595848
23.447581 -53.128604 -160.963672
22.974838 -53.336708 -161.315962
22.568910 -53.504841 -161.691546
22.179898 -53.650797 -162.067438
21.804610 -53.800895 -162.416259
21.444753 -53.945252 -162.750772
21.099473 -54.084165 -163.071768
20.767972 -54.217911 -163.379984
20.449505 -54.346752 -163.676111
20.124515 -54.534040 -163.972277
19.824554 -54.660639 -164.243324
19.535852 -54.782860 -164.504217
19.257828 -54.900910 -164.755477
18.991678 -55.017262 -164.996348
93.525813 -28.025804 -139.666238
91.457011 -30.371584 -143.617487
88.442788 -30.769990 -147.806820
85.669447 -31.783965 -151.419406
82.469730 -33.047047 -155.094461
78.163120 -36.087225 -159.259846
75.491867 -37.097814 -161.416913
69.939958 -40.867131 -164.794736
64.716557 -44.994149 -166.523635
59.790693 -47.761745 -167.350567
54.327013 -49.545059 -167.931338
47.447251 -52.974810 -165.966515
44.888062 -52.862310 -165.937769
40.154284 -53.195873 -164.844283
38.296955 -53.013713 -164.410026
36.434173 -52.353092 -164.553978
35.091558 -52.227193 -164.186400
33.693934 -51.746523 -164.289765
32.538726 -51.312755 -164.444181
30.983807 -50.986078 -164.264544
29.714309 -50.601428 -164.291921
28.499000 -50.208420 -164.354878
27.350362 -49.806326 -164.459837
26.252279 -49.421929 -164.560177
25.168576 -49.115655 -164.554525
24.130158 -48.831045 -164.536411
23.630501 -48.694099 -164.527695
23.054578 -48.592145 -164.567190
22.064138 -48.416809 -164.635112
21.650975 -48.322502 -164.724438
20.827442 -48.100770 -164.999753
20.041082 -47.889046 -165.262641
19.619940 -47.776701 -165.403361
18.856016 -47.646632 -165.653573
18.130501 -47.523102 -165.891205
18.130501 -47.523102 -165.891205
17.475658 -47.644162 -166.054752
17.284500 -47.679501 -166.102493
17.130672 -47.656092 -166.220255
16.692613 -47.589431 -166.555608
16.273593 -47.525668 -166.876387
16.106899 -47.500301 -167.003998
16.093694 -47.495314 -167.018237
15.844212 -47.401085 -167.287259
15.605622 -47.310970 -167.544535
15.377289 -47.224729 -167.790751
15.080100 -47.388058 -168.027697
14.261056 -47.679501 -168.686686
13.960386 -47.679501 -168.932625
13.671152 -47.679501 -169.169211
92.512955 -23.293486 -138.934563
90.196023 -24.488825 -143.139974
87.450704 -23.933051 -146.834429
84.833489 -24.772059 -150.573328
81.209161 -26.123438 -155.195876
78.649129 -26.181098 -157.865339
73.990146 -28.573909 -162.574688
71.521680 -28.723160 -164.603596
67.471788 -30.744039 -167.594825
61.704805 -33.294686 -170.922929
57.573617 -34.791625 -172.708343
51.380189 -39.525752 -173.645065
46.298478 -41.956687 -173.762292
36.785465 -48.521416 -169.122483
34.639061 -48.760939 -168.392370
31.580062 -48.715869 -167.525694
30.000797 -48.253829 -167.669011
28.061808 -47.742220 -167.737526
26.231682 -47.892427 -166.899567
24.785784 -47.745940 -166.590924
23.348857 -47.516808 -166.442800
22.392960 -47.449460 -166.259996
20.997676 -47.079437 -166.471281
20.674000 -46.993599 -166.520294
20.313086 -46.872536 -166.716158
19.139099 -46.684973 -166.987200
18.362381 -46.545330 -167.236304
17.599048 -46.446099 -167.429865
17.130501 -46.336502 -167.659695
16.543311 -46.197066 -168.024902
16.130501 -46.254902 -168.024902
16.130501 -46.254902 -168.024902
16.130501 -46.254902 -168.024902
16.130501 -46.254902 -168.024902
16.102691 -46.245554 -168.062108
15.801201 -46.144208 -168.465461
13.154888 -45.705298 -170.710022
12.462035 -45.459007 -171.289337
11.833243 -45.625689 -171.423382
11.266993 -45.595046 -171.722294
10.735800 -45.566299 -172.002701
10.727268 -45.560488 -172.012496
10.527530 -45.424441 -172.241819
10.337717 -45.295154 -172.459747
10.157190 -45.172192 -172.667013
9.985360 -45.055153 -172.864294
9.812650 -44.954161 -173.050580
9.377367 -45.172439 -173.179052
8.688528 -44.679211 -173.946930
8.340551 -44.674142 -174.160714
91.968083 -19.611074 -137.472346
89.684309 -18.376044 -140.440725
86.810017 -18.084822 -144.758139
83.950864 -17.277700 -148.406944
81.005740 -16.436984 -151.908479
77.977412 -16.227643 -155.528856
74.718397 -17.248631 -159.465080
71.370431 -18.062087 -163.012736
68.083169 -18.902209 -166.114102
64.423449 -19.676290 -169.190354
58.534415 -22.866630 -173.350531
54.124708 -24.575274 -175.583397
49.951589 -25.429106 -177.351747
46.183457 -27.271179 -178.564902
43.264592 -28.853212 -179.206812
33.876522 -35.269183 -178.965734
26.809438 -41.488860 -174.698854
25.251822 -41.409238 -174.597274
24.287845 -40.424605 -175.404213
20.674000 -46.993599 -166.520294
20.848603 -39.994902 -175.648716
20.806478 -39.280479 -176.227511
18.810250 -39.945514 -175.737250
17.936531 -38.820754 -176.719687
17.237539 -38.262227 -177.211429
16.055133 -37.004166 -178.224069
14.773246 -37.635713 -177.961101
14.739670 -37.484053 -178.068035
13.676749 -36.599225 -178.830136
13.423356 -37.084476 -178.591277
12.575547 -37.270643 -178.689532
12.132734 -36.907534 -179.028265
11.716618 -36.566317 -179.346576
11.325227 -36.245375 -179.645973
10.168014 -42.777169 -175.189294
9.611020 -42.848307 -175.349317
9.213588 -43.277012 -175.085026
8.829294 -43.691545 -174.829472
8.510386 -43.800897 -174.870872
6.603183 -42.452171 -177.017737
6.376627 -42.285457 -177.250395
6.162532 -42.127913 -177.470254
5.960033 -41.978901 -177.678207
5.768331 -41.837835 -177.875071
4.933806 -41.838526 -178.250052
4.399052 -41.940294 -178.410892
4.912046 -42.323522 -177.858980
3.391579 -42.132025 -178.713914
3.051032 -42.166275 -178.838572
2.747359 -42.087535 -179.029234
91.361336 -14.800259 -134.943473
89.052666 -13.301227 -137.779860
86.188094 -12.156266 -141.725362
83.329124 -9.946198 -144.540673
80.877434 -8.518515 -147.201352
77.891738 -8.097102 -151.137067
74.858083 -7.075393 -154.440615
71.652801 -6.277379 -157.897851
69.047377 -6.501685 -160.878583
66.130654 -5.455869 -163.569779
62.356169 -6.581713 -167.671681
58.908441 -6.764234 -170.689036
55.107261 -7.648283 -173.854742
50.606854 -9.807984 -177.207734
43.407508 -15.632501 -180.903353
40.425873 -16.083488 -182.014839
34.434607 -18.311291 -183.676165
31.056614 -19.105536 -184.408518
27.491636 -20.602853 -184.904824
24.327718 -22.444083 -184.926314
22.193594 -24.335085 -184.642245
15.858658 -32.909928 -181.058254
13.803551 -32.629484 -181.322433
13.392512 -32.010441 -181.744580
13.016012 -31.443415 -182.131255
12.670992 -30.923798 -182.485600
11.253006 -31.059031 -182.634819
9.634758 -30.997347 -182.916032
9.359619 -30.588199 -183.189075
9.106576 -30.211907 -183.440192
7.416702 -29.169944 -184.325111
6.867296 -28.757126 -184.626914
6.351835 -28.369815 -184.910070
5.654632 -28.251475 -185.123656
3.833703 -28.503638 -185.411708
3.513967 -28.186383 -185.610568
3.213967 -27.888710 -185.797155
1.819108 -27.095344 -186.403327
1.257075 -26.861049 -186.609795
0.723316 -26.638540 -186.805876
0.209376 -26.440561 -186.989619
-0.469745 -26.641668 -187.088552
-0.702403 -26.419765 -187.212859
-1.022527 -26.312241 -187.326366
-2.514574 -25.582252 -187.886840
-2.584507 -25.859291 -187.830113
-2.764258 -26.107453 -187.809063
-3.282856 -26.283474 -187.893530
-3.819529 -26.246584 -188.038849
-4.298064 -26.414400 -188.115645
90.946528 -10.496196 -131.736854
88.702698 -8.490806 -134.016390
85.546403 -5.789815 -137.160619
83.045305 -3.923090 -139.687007
80.291231 -1.807269 -142.309483
77.160403 -0.194882 -145.922163
74.490646 1.740385 -148.236346
71.799774 2.900362 -151.194088
69.391069 4.562679 -153.253381
67.692958 5.238529 -155.108797
64.985722 5.961048 -158.388445
61.762212 6.129359 -162.344446
59.279328 6.776172 -164.741269
56.079125 7.629798 -167.538533
54.148019 8.144904 -169.226492
52.316936 5.482708 -171.862196
43.911160 4.640342 -178.517885
39.317952 3.425453 -181.425467
33.452452 1.294595 -184.433456
30.605577 -0.518876 -185.644069
24.117684 -4.100932 -187.756054
20.490699 -5.505242 -188.576499
17.606280 -7.483450 -189.029822
15.543261 -8.272795 -189.348328
13.853923 -8.370421 -189.671250
12.257839 -8.490143 -189.973237
8.304353 -13.596093 -189.789744
8.021981 -15.414560 -189.360287
5.878487 -16.380699 -189.446163
5.405863 -16.830151 -189.400350
4.179938 -17.053432 -189.552141
2.975718 -17.396439 -189.663832
1.873473 -17.628517 -189.789794
1.477712 -18.242298 -189.681299
0.593630 -18.543060 -189.761050
-0.154635 -17.806566 -190.112581
-2.867391 -20.396289 -189.790048
-3.330891 -21.617505 -189.433913
-4.157013 -21.695822 -189.545183
-4.944849 -21.770509 -189.651296
-5.700100 -21.770594 -189.777506
-6.825408 -21.568378 -190.028680
-6.946988 -21.400853 -190.103464
-7.060310 -21.244707 -190.173168
-7.369944 -21.243880 -190.231156
-7.441466 -21.130776 -190.279676
-7.507801 -21.025876 -190.324677
-7.852153 -21.109930 -190.372472
-8.361996 -21.309913 -190.420909
-9.845827 -21.259177 -190.717359
90.855418 -7.224297 -128.408636
88.629954 -4.656539 -129.964014
86.184319 -2.096324 -131.999055
82.892962 1.032921 -134.771071
80.181604 3.549022 -136.907419
77.675024 6.257785 -138.289054
74.970410 8.335757 -140.850254
71.983435 10.672345 -143.528974
70.226820 12.186918 -145.033707
67.997072 14.324106 -146.728163
66.018077 16.220863 -148.232153
64.322924 17.898854 -149.566648
62.365322 19.196788 -151.682625
60.789616 20.625258 -153.026646
59.021319 21.111251 -155.559996
57.622335 21.365312 -157.532644
55.325761 22.812894 -159.847812
52.649023 22.931705 -163.360166
50.369421 22.752432 -166.258389
47.904843 20.976753 -169.829041
43.079672 17.015759 -175.689508
30.514552 10.730312 -184.581491
25.810169 8.184785 -186.760317
21.638286 8.295848 -188.287561
18.916696 6.510199 -189.167031
13.844712 4.059393 -190.577160
10.890223 2.324501 -191.176239
9.024363 1.125126 -191.480522
7.662588 0.934227 -191.756135
6.368979 0.745418 -192.017367
4.777077 0.313010 -192.311138
3.618641 0.105273 -192.533700
2.361772 -1.433181 -192.629775
1.811911 -2.082949 -192.674243
1.137481 -2.579202 -192.763848
-2.498045 -4.437668 -193.229659
-3.400335 -4.676473 -193.351502
-4.257164 -4.914354 -193.465619
-4.687729 -5.360542 -193.477484
-5.459632 -5.596239 -193.581406
-6.194377 -5.829213 -193.679061
-6.894310 -6.059090 -193.770927
-7.832179 -6.530365 -193.864201
-8.470637 -6.753766 -193.942348
-9.080290 -6.973343 -194.016029
-8.836330 -9.863326 -193.407139
-10.374418 -11.044952 -193.427482
-10.817324 -11.385212 -193.433340
-11.243808 -11.712855 -193.438980
-11.654689 -12.028513 -193.444415
91.233018 -4.151337 -123.929885
88.841541 -0.215469 -123.580924
86.222282 2.617009 -125.503847
83.401896 5.794460 -127.254870
80.764634 8.588549 -129.007496
78.241656 11.075466 -130.925154
75.769677 14.035669 -132.154209
73.641333 16.518251 -133.309101
71.365237 19.280365 -134.554154
69.400031 20.978753 -136.428621
67.604810 23.067379 -137.692777
65.746073 25.200052 -139.090582
64.032804 27.346183 -140.154007
63.102096 28.371213 -140.935105
61.815546 29.726046 -142.220085
60.565420 31.363702 -143.100627
59.691936 32.187382 -144.090906
58.680055 33.519856 -144.849639
57.761154 34.724195 -145.544502
56.987317 35.262648 -146.612643
56.277212 36.015579 -147.342341
55.604688 36.872694 -147.894038
54.997014 37.641325 -148.398183
54.699362 37.653667 -148.997522
54.428621 37.664894 -149.542675
54.431297 38.543961 -148.686477
54.047930 38.206187 -149.800670
52.670688 37.292333 -153.274622
52.602794 37.559401 -153.193913
10.381911 11.095632 -191.642155
9.269869 10.656618 -191.917803
8.214286 10.239893 -192.179457
4.932533 7.118556 -192.794859
4.573158 6.480725 -192.830137
4.226289 5.865092 -192.864186
3.611722 5.433456 -192.981788
2.760336 5.219446 -193.178070
1.647107 3.313657 -193.247815
0.870499 3.046738 -193.412026
-4.188244 -0.054827 -194.139821
-2.202339 1.091546 -193.836250
-2.922935 0.907613 -193.975782
-5.421218 -0.648770 -194.286536
-7.414858 -1.214895 -194.566988
-7.982824 -1.535131 -194.623494
-8.527788 -1.842397 -194.677711
-9.050992 -2.137394 -194.729764
-9.553603 -2.420781 -194.779768
-9.955000 -2.647100 -194.819702
-9.955000 -2.647100 -194.819702
91.886513 -1.666297 -117.849237
89.313133 2.137153 -117.740618
86.608844 5.318723 -119.110182
84.343725 8.593731 -119.139744
81.689378 12.202210 -119.442677
79.578314 15.345189 -119.321292
77.214451 18.414631 -120.404807
75.353146 21.194593 -120.545485
73.152952 23.751832 -122.489786
71.293519 26.997414 -121.900594
69.467539 29.199994 -123.588777
67.721270 31.863815 -124.052543
67.088882 33.693572 -122.460886
65.611634 35.837661 -123.441458
64.416706 37.784582 -123.852749
63.592266 38.565211 -125.241547
63.112095 40.181787 -123.876291
61.736668 41.828374 -125.736030
60.935216 43.239949 -125.949259
60.232746 45.344915 -124.284584
59.814539 45.467527 -125.542011
59.398342 46.346076 -125.420525
59.263499 47.727815 -123.150542
58.761087 48.148910 -124.289219
58.572733 48.941186 -123.375111
58.236116 49.608759 -123.360400
57.637355 51.005850 -122.823243
57.357857 51.556816 -122.780040
57.108891 52.051868 -122.731716
57.076899 52.224940 -122.473535
57.047435 52.384336 -122.235754
57.020269 52.531295 -122.016525
56.995195 52.666943 -121.814171
56.972024 52.792295 -121.627177
56.950586 52.908269 -121.454170
57.224557 53.252245 -119.175596
57.352651 53.666650 -116.943195
57.361214 53.694353 -116.793963
57.333571 53.789763 -116.661193
57.280323 53.932632 -116.541476
57.234058 54.060561 -116.424842
55.385651 59.000136 -103.922453
55.449390 58.718117 -101.526236
55.553722 58.554418 -101.902862
55.460531 58.668824 -101.107407
55.436856 58.696363 -100.900750
53.497044 61.129990 -94.488948
52.570205 61.955911 -91.830705
51.548433 62.873201 -89.487962
51.446510 62.964702 -89.254271
92.505971 -0.084480 -111.577692
90.131390 3.456759 -110.963822
88.003635 6.019450 -111.939651
85.342188 10.153278 -110.738029
83.139274 13.581499 -109.718122
80.680266 17.065771 -109.936715
78.385523 20.541158 -109.289283
76.123477 23.795415 -109.466333
74.069599 26.985228 -108.815921
72.708169 29.547888 -106.280759
70.896947 32.462144 -105.724436
69.687344 34.499180 -105.229884
68.084852 37.253708 -103.843289
66.643406 39.669293 -103.332511
65.476162 41.709287 -100.755583
64.259899 43.731847 -100.140197
63.300179 45.328952 -99.816961
61.819428 47.603018 -97.993588
61.719598 47.762363 -97.579204
60.084019 50.138211 -93.364525
59.279750 51.352887 -92.659951
57.629083 53.345809 -89.420784
56.893362 54.328461 -88.695390
56.224218 55.213132 -87.998646
55.615598 56.009389 -87.330643
54.309106 57.203283 -84.640553
53.901621 57.575650 -83.801533
53.450920 58.062393 -83.114367
53.000443 58.575422 -82.512863
52.588298 59.037334 -81.938539
52.210851 59.453426 -81.390275
51.864819 59.828443 -80.866918
51.547239 60.166625 -80.367302
50.208918 61.697115 -78.972738
49.883633 62.069107 -78.633784
49.580423 62.415856 -78.317831
49.526488 62.071330 -77.069911
48.525074 62.332933 -73.766716
48.853554 62.247123 -74.850219
48.103559 62.471738 -72.601758
47.897888 62.614525 -72.212628
47.706113 62.743466 -71.839766
47.527090 62.859901 -71.482300
47.359782 62.965025 -71.139410
47.203249 63.059911 -70.810320
47.056640 63.145520 -70.494299
46.487980 62.841489 -68.044718
46.416687 62.803372 -67.737616
46.316101 62.815327 -67.443752
46.194396 62.864656 -67.162144
93.387265 0.088290 -106.760917
91.064237 3.602185 -105.425375
88.937580 6.830820 -104.357366
86.271291 10.736092 -103.073636
84.384455 13.685145 -100.983914
82.048845 17.120756 -99.999198
79.547615 20.729700 -98.323665
77.337008 23.973389 -96.099070
75.090439 27.116804 -95.020810
73.104935 29.966150 -93.146180
71.099629 32.770096 -92.056870
69.726316 34.805937 -91.123380
67.836040 37.402162 -87.845809
66.134050 39.741497 -86.564622
65.276383 40.935462 -85.463906
62.920552 43.710982 -81.634609
61.451654 45.226219 -79.319224
60.158962 46.798021 -78.192904
59.020617 48.476289 -78.326931
57.398833 49.801763 -75.032442
56.358551 50.964297 -74.023150
54.734049 52.167178 -71.085288
53.841457 52.869732 -69.734151
53.099245 53.453923 -68.610646
52.646839 53.431212 -67.115818
51.861700 54.310124 -66.493508
51.310602 54.659659 -65.477017
50.631534 55.424938 -64.947997
50.202122 55.637280 -64.024099
48.861354 56.836580 -62.410077
47.772148 57.391947 -60.498571
47.361016 57.601575 -59.777055
46.975058 57.798368 -59.099717
45.881201 57.633708 -55.987406
46.182958 57.679132 -56.845984
45.858542 57.245994 -55.288468
45.659728 57.275208 -54.844901
44.747939 57.717207 -53.411994
44.442085 57.865473 -52.931334
44.455124 55.878349 -50.010260
44.506661 56.577054 -51.165956
44.261954 56.666516 -50.738084
43.686671 56.115717 -48.692424
43.460691 56.175365 -48.290967
43.128365 55.337188 -46.492236
42.914975 56.120343 -47.096321
42.945371 56.008789 -47.010275
42.593339 55.320846 -45.386240
42.430199 55.315863 -45.049002
42.273925 55.311090 -44.725956
94.719583 -0.782984 -102.031077
92.699574 2.600728 -99.143884
90.216384 6.238293 -97.846269
87.966192 9.491981 -95.158951
85.783498 12.562745 -92.858359
83.523529 15.630050 -90.478562
81.070929 18.937534 -88.507577
78.767372 21.861400 -86.073310
76.392159 24.822242 -84.026383
74.656582 26.986442 -81.915211
72.441616 29.677704 -79.398967
70.291348 32.107235 -77.021665
68.490166 34.268921 -75.602334
66.490982 36.028111 -72.240399
64.545615 38.071731 -70.137857
62.950930 39.907966 -69.115657
61.367000 40.659096 -65.565185
59.952956 42.069471 -64.183180
58.360082 43.557054 -62.520221
56.646115 44.848410 -60.117859
55.804056 44.649086 -57.560598
53.857788 46.339127 -55.675138
52.366939 46.886798 -53.283793
51.456820 47.507904 -52.275479
50.111562 48.329912 -50.719964
49.087020 48.000278 -48.254046
48.659100 47.862599 -47.224104
46.569742 48.606897 -44.305667
46.111087 48.480321 -43.354641
45.375695 47.710611 -41.219625
45.261539 47.381648 -40.662677
45.128811 47.093256 -40.118572
44.574816 47.300975 -39.399416
44.136445 45.279542 -36.651980
43.825996 45.145757 -36.032938
43.365704 45.251779 -35.397724
41.987372 44.754453 -32.839697
42.258938 44.852439 -33.343692
41.920497 44.191366 -32.263767
41.888743 43.923996 -31.990299
41.858062 43.665659 -31.726070
41.828416 43.416041 -31.470759
41.785188 42.034285 -30.288716
41.505251 42.022835 -29.845497
41.105006 41.471067 -28.828082
40.849491 41.444564 -28.420189
40.607089 41.414509 -28.029584
41.327400 19.820499 -20.884199
41.327400 19.820499 -20.884199
41.327400 19.820499 -20.884199
96.397730 -2.510632 -96.610188
94.088879 1.180862 -93.747841
92.151653 4.019233 -91.409683
89.458949 7.700495 -88.869821
87.550227 10.151334 -85.307751
85.318131 12.971625 -82.897688
82.965881 15.756319 -80.217249
80.530626 18.487801 -76.621233
78.708603 20.407422 -74.351956
76.336993 22.779673 -70.988506
74.252193 24.931559 -68.925998
72.075911 27.056166 -66.618861
70.035770 28.661265 -63.670446
68.201215 30.389354 -61.827678
65.967342 32.080752 -58.905279
64.137411 33.371621 -56.520115
62.412897 33.055446 -52.258978
60.762302 34.459943 -50.914225
57.799052 34.855411 -45.869541
55.740040 34.867186 -42.685036
53.925457 34.821549 -40.205748
52.811906 33.290594 -37.544246
49.914233 33.267892 -34.047738
48.577440 33.643839 -32.863339
47.255173 31.858080 -30.337557
43.294505 21.039881 -23.057171
43.156260 20.711674 -22.905427
43.153437 20.531762 -22.877446
42.672013 20.408759 -22.430314
42.189899 20.360901 -21.993200
42.189899 20.360901 -21.993200
42.185826 20.245582 -21.971377
42.176626 19.985112 -21.922083
42.167372 19.723108 -21.872500
42.158109 19.460831 -21.822865
41.995985 19.238186 -21.596599
41.619688 19.565927 -21.195642
41.327400 19.820499 -20.884199
41.327400 19.820499 -20.884199
41.327400 19.820499 -20.884199
41.303245 19.607786 -20.810833
41.268823 19.304672 -20.706287
41.235294 19.009416 -20.604451
41.202646 18.721912 -20.505289
41.170863 18.442032 -20.408757
41.139929 18.169627 -20.314803
41.109825 17.904533 -20.223370
41.080531 17.646577 -20.134399
41.074902 17.597000 -20.117300
41.074902 17.597000 -20.117300
98.147592 -4.838968 -92.666340
96.082557 -1.564837 -89.222583
94.236129 1.083705 -86.306856
91.775072 4.321695 -82.911576
89.939769 6.559602 -79.915886
87.795921 9.123520 -77.103463
85.483944 11.577121 -73.084145
83.175821 13.872785 -69.744006
81.165688 15.467781 -66.431309
79.176307 17.296186 -64.035814
76.819230 19.071090 -60.566117
74.938875 19.408697 -56.321835
73.051395 20.833337 -54.189422
69.786266 21.556339 -48.668957
67.086090 21.647476 -44.528385
64.205463 21.304715 -40.592858
61.978988 21.605184 -38.360391
59.179484 21.954233 -35.848292
52.617024 14.491964 -27.517446
50.890856 14.150828 -26.472147
48.922226 13.265156 -25.204225
46.766790 11.910836 -23.841938
45.027678 12.428506 -22.971811
44.614771 12.514870 -22.760886
44.583674 12.567583 -22.746446
44.048662 13.096501 -22.446325
43.803581 13.673201 -22.353873
43.544441 14.179811 -22.234852
43.272193 13.549806 -21.870250
43.009357 12.941581 -21.518254
42.848999 12.570500 -21.303499
42.848999 12.570500 -21.303499
42.848999 12.570500 -21.303499
42.848999 12.570500 -21.303499
42.030399 15.845100 -21.138599
42.013509 15.738889 -21.079652
41.958538 15.393205 -20.887798
41.905332 15.058623 -20.702106
41.853842 14.734829 -20.522401
41.804016 14.421497 -20.348502
41.755799 14.118290 -20.180223
41.748199 14.070500 -20.153700
41.748199 14.070500 -20.153700
41.748199 14.070500 -20.153700
41.748199 14.070500 -20.153700
41.748199 14.070500 -20.153700
41.748199 14.070500 -20.153700
41.748199 14.070500 -20.153700
41.748199 14.070500 -20.153700
41.748199 14.070500 -20.153700
99.545270 -7.000471 -90.115322
97.964676 -4.464280 -86.105196
96.194686 -1.957505 -82.252085
94.601696 0.105045 -79.089472
92.793856 2.272517 -75.274213
90.939794 4.203631 -71.421120
88.631956 6.420114 -67.566424
86.618679 7.769279 -63.260716
84.299994 9.062231 -59.090593
82.011544 9.282146 -54.032333
79.729754 9.303117 -49.807526
76.282940 9.357766 -44.852258
73.537854 9.548180 -41.661617
70.245318 8.971423 -37.817187
65.718031 6.337392 -33.000145
61.850471 4.807474 -30.243266
57.461631 2.245672 -27.719009
51.109546 -5.610306 -26.516682
50.136957 -3.265951 -25.736753
50.135546 -2.809958 -25.652185
49.452749 -1.936013 -25.238616
49.141295 -1.085273 -24.994952
49.147135 -0.993824 -24.986452
47.952913 1.244413 -24.139496
47.948360 1.362829 -24.135612
47.543405 1.671776 -23.810632
46.638132 3.541754 -23.183401
46.570789 3.831528 -23.163678
46.510404 4.091360 -23.145993
46.456276 4.324267 -23.130141
46.407777 4.532957 -23.115937
45.239889 6.106789 -22.094540
45.190171 6.286125 -22.093599
45.145242 6.448189 -22.092749
45.104640 6.594645 -22.091980
45.067950 6.726988 -22.091286
44.981952 6.831367 -21.987245
44.174087 7.904657 -21.146316
44.115604 8.067717 -21.137249
44.061472 8.218645 -21.128856
44.011326 8.358458 -21.121082
43.964838 8.488074 -21.113874
43.921707 8.608329 -21.107187
43.881661 8.719985 -21.100978
43.844451 8.823730 -21.095209
43.809854 8.920192 -21.089845
43.777664 9.009944 -21.084855
43.737244 9.087907 -21.046900
43.609635 9.112330 -20.724796
43.041824 9.676025 -19.761022
101.555159 -10.280931 -87.880257
100.226139 -8.139272 -83.739278
98.891564 -6.355161 -79.337054
97.458783 -4.522786 -75.616597
96.195454 -3.401447 -71.339569
94.247771 -2.245484 -65.291043
92.059105 -0.893312 -60.900346
90.225373 -1.056820 -56.101464
87.611094 -1.360139 -50.851241
83.924625 -1.646947 -45.413410
81.715603 -1.405669 -43.012290
78.359272 -2.449949 -39.006975
72.798066 -5.512541 -33.789716
68.250705 -7.091931 -31.201775
64.565953 -8.307290 -29.681887
53.278917 -15.239985 -29.936012
53.388030 -14.752624 -29.735097
52.130501 -13.962598 -29.490059
52.130501 -13.317917 -29.235931
52.130501 -12.743042 -29.009320
51.119835 -11.669192 -28.408908
51.110567 -11.225733 -28.257970
51.102345 -10.832301 -28.124059
50.697809 -9.550896 -27.514061
50.149032 -9.008536 -27.032313
50.143529 -9.060961 -27.037250
50.136375 -9.129112 -27.043668
50.127828 -9.210542 -27.051337
49.585509 -7.572998 -26.024900
49.584807 -7.638362 -26.024900
49.584023 -7.711453 -26.024900
49.583169 -7.790991 -26.024900
49.103699 -5.927500 -25.148199
49.103699 -5.927500 -25.148199
49.103699 -5.927500 -25.148199
49.103699 -5.927500 -25.148199
49.103699 -5.927500 -25.148199
48.516998 -4.179500 -24.024900
48.516998 -4.179500 -24.024900
48.516998 -4.179500 -24.024900
48.516998 -4.179500 -24.024900
48.511048 -4.153144 -24.022749
48.490139 -4.092446 -23.976947
48.421519 -3.919796 -23.794829
48.356551 -3.743081 -23.638278
48.295134 -3.576025 -23.490284
48.237024 -3.417965 -23.350259
47.978548 -2.658223 -22.914418
47.945325 -2.552602 -22.884686
47.913999 -2.453010 -22.856651
103.642352 -14.105720 -86.226057
102.421747 -12.138993 -81.185380
101.926508 -11.983635 -76.441426
100.555141 -10.498793 -72.182555
99.277515 -10.198016 -66.709197
97.698894 -9.585411 -62.350202
95.003886 -9.048374 -56.373323
92.956317 -10.571243 -51.399905
88.776441 -12.783197 -44.801725
85.600278 -14.311777 -41.175372
82.227430 -14.938624 -38.255908
76.924748 -17.081354 -34.628794
73.826051 -17.750362 -33.143766
68.786826 -19.033287 -31.479173
66.317499 -18.665279 -30.916441
59.634706 -21.581727 -31.185008
57.770295 -21.469278 -31.455248
56.535044 -20.585925 -31.369322
55.074236 -20.478420 -31.651711
54.073513 -19.888890 -31.638755
53.156828 -19.341438 -31.623901
53.014049 -18.979376 -31.492141
52.544929 -18.396702 -31.264734
52.130501 -18.096789 -31.141796
52.130501 -17.824495 -31.042988
52.130501 -17.581152 -30.954685
51.213010 -16.741253 -29.888967
51.201410 -16.606366 -29.869424
51.191183 -16.487448 -29.852195
51.143660 -16.240133 -29.719741
51.061205 -15.896220 -29.456865
50.962464 -15.871094 -28.767492
50.913046 -15.810666 -28.457535
50.863277 -15.588154 -28.260361
50.818398 -15.349097 -28.137742
50.776530 -15.126071 -28.023346
50.737433 -14.917813 -27.916526
50.700893 -14.723171 -27.816689
50.666712 -14.541094 -27.723297
50.634708 -14.370621 -27.635857
50.627242 -14.255670 -27.458341
50.641265 -14.189681 -27.202628
50.668992 -14.036088 -26.607332
50.676847 -13.976823 -26.365476
50.691895 -13.932297 -26.075957
50.698828 -13.881192 -25.857220
50.705578 -13.833454 -25.649895
50.712150 -13.788837 -25.453233
50.718548 -13.747111 -25.266542
50.745327 -13.810758 -25.149967
105.662082 -18.370842 -84.592061
105.547508 -19.088196 -79.291063
104.534106 -18.006385 -74.899249
103.597217 -18.153403 -69.568391
102.299147 -19.146382 -63.710108
99.691420 -21.515096 -56.283497
97.283475 -21.377589 -52.228322
93.068855 -23.731439 -46.417507
89.926788 -25.147644 -43.285212
86.434138 -25.814288 -40.462819
82.968957 -26.474802 -38.050103
79.269197 -27.932963 -36.130445
75.346705 -28.203076 -34.599913
70.790087 -29.558828 -33.752457
68.301030 -29.996040 -33.711242
67.059532 -29.660828 -33.488831
64.041529 -29.469187 -33.461747
61.798984 -29.477145 -33.752885
60.972627 -28.901142 -33.655354
59.673150 -28.257241 -33.700308
58.757885 -27.935307 -33.843935
58.110047 -27.437396 -33.807229
57.471823 -26.975846 -33.785913
56.867663 -26.559174 -33.768283
56.239753 -26.161373 -33.767365
55.623896 -25.800476 -33.775329
54.982234 -25.432492 -33.776305
53.083874 -25.962652 -32.698853
53.040486 -25.934986 -31.771877
53.058256 -25.848712 -31.134332
53.076057 -25.771626 -30.531537
53.091678 -25.693318 -29.966175
53.107771 -25.625326 -29.432376
53.153042 -25.763695 -28.852836
53.168194 -25.744320 -28.363311
53.178538 -25.708151 -27.647299
53.170293 -25.695758 -27.177496
53.176703 -25.897736 -26.392978
53.070473 -25.453828 -26.095517
53.046938 -25.431402 -25.676781
53.081143 -25.764591 -25.159140
53.060875 -26.079856 -24.507201
53.048875 -26.222251 -24.179359
53.021577 -26.254822 -23.816209
52.995673 -26.287443 -23.469357
52.971072 -26.320043 -23.137831
52.936442 -26.300893 -22.775967
52.912689 -26.331380 -22.470798
52.890073 -26.361741 -22.178485
52.868522 -26.391935 -21.898302
107.543593 -23.613856 -83.542013
107.363434 -25.198699 -78.113256
106.811788 -25.866498 -73.694766
105.976084 -26.780242 -68.974571
103.793995 -29.298159 -61.738976
101.763524 -30.903240 -57.399312
98.207022 -32.904706 -52.032606
93.608703 -34.130932 -47.086624
89.505574 -36.272322 -43.990386
86.829111 -36.600603 -42.206456
84.379082 -36.919951 -40.758557
81.106205 -37.451901 -39.289607
78.042243 -37.778433 -38.221866
75.201934 -38.057353 -37.553344
72.908802 -38.029999 -37.127506
70.392193 -38.052347 -36.940936
69.135581 -37.708017 -36.790629
68.229698 -37.273158 -36.590264
66.641604 -36.703214 -36.418158
65.887801 -36.313306 -36.320524
65.120518 -35.856746 -36.206895
64.398974 -35.540537 -36.150831
63.399805 -35.328305 -36.281505
62.797066 -35.117071 -36.313412
62.241051 -34.753125 -36.240468
61.695815 -34.412454 -36.178760
61.198658 -34.146062 -36.169940
60.712376 -33.885459 -36.177970
60.355656 -33.645204 -36.168906
60.119354 -33.309741 -36.076127
55.199627 -35.880186 -32.589972
55.165069 -35.857637 -31.891921
55.139833 -35.850829 -31.281010
55.116006 -35.844897 -30.701248
55.093490 -35.839758 -30.150601
55.072194 -35.835333 -29.627185
55.021031 -35.866242 -29.105427
54.970980 -35.908073 -28.598119
54.923384 -35.949012 -28.114115
54.871118 -35.975083 -27.639431
54.824045 -36.011080 -27.194993
54.779156 -36.046283 -26.769995
54.702900 -36.179476 -26.164839
54.613289 -36.198347 -25.708781
54.534963 -36.214841 -25.310160
54.463155 -36.253066 -24.927773
54.394783 -36.293768 -24.560527
54.329155 -36.333453 -24.207567
54.266121 -36.372145 -23.868137
54.205542 -36.409876 -23.541527
109.153297 -29.764735 -83.479263
108.601525 -30.296182 -78.623249
108.002273 -31.324395 -74.229344
106.842761 -34.864553 -68.485527
103.869158 -38.683934 -61.712529
100.587892 -41.498358 -56.956306
97.785648 -42.610596 -53.692210
93.758951 -45.104375 -50.591636
90.690068 -45.444906 -48.286668
88.140465 -45.806253 -46.596667
85.605973 -45.883715 -45.033630
84.262668 -45.671406 -44.175464
80.590584 -46.415481 -42.935262
78.990201 -45.895518 -42.104093
77.054778 -46.069159 -41.745394
74.647985 -45.849563 -41.254138
73.501655 -45.442418 -40.953800
72.457246 -45.546921 -41.000022
71.153729 -45.190277 -40.843755
70.427478 -44.991574 -40.756691
69.717728 -44.193144 -40.286521
68.795177 -43.906947 -40.251614
68.301728 -43.573568 -40.138028
67.823564 -43.265659 -40.037790
67.343110 -42.977102 -39.939141
66.856937 -42.698101 -39.847904
66.426250 -42.387636 -39.725234
66.007785 -42.089792 -39.608949
65.589767 -41.815393 -39.510411
65.353466 -41.709522 -39.494208
64.995822 -41.479633 -39.450481
64.645189 -41.261591 -39.412654
58.240930 -45.995409 -35.134313
58.136895 -45.799392 -34.560752
58.102518 -45.800112 -34.004711
58.069407 -45.799864 -33.474406
58.012582 -45.715681 -33.202817
57.973478 -45.814224 -32.642172
57.915563 -45.820655 -32.158369
57.859871 -45.826097 -31.695228
57.806287 -45.830643 -31.251568
57.754703 -45.834373 -30.826288
57.686577 -45.820604 -30.454870
57.622897 -45.838562 -30.050428
57.561580 -45.855425 -29.661788
57.498785 -45.870569 -29.286973
57.437819 -45.883932 -28.925510
57.379010 -45.896439 -28.577527
57.322251 -45.908150 -28.242335
57.267444 -45.919119 -27.919284
110.212679 -35.610099 -85.065363
109.752961 -36.175040 -80.611274
108.489388 -40.368189 -73.452282
106.736976 -42.839993 -68.887709
104.202732 -46.068327 -64.585121
100.876800 -48.815292 -60.477573
96.472744 -51.912310 -56.998630
92.428041 -53.308345 -54.330991
90.156795 -53.905211 -53.130294
88.468027 -54.397709 -52.411685
86.430787 -54.074852 -50.908948
84.188685 -54.184591 -49.809449
83.165338 -53.900964 -49.115977
81.478279 -53.993810 -48.547849
80.584713 -53.476822 -47.786921
78.059124 -53.306751 -47.003431
77.121209 -53.064290 -46.673576
76.142939 -52.564287 -46.195927
75.092725 -52.430221 -46.060513
74.476489 -52.190642 -45.844373
73.889256 -51.888720 -45.575873
72.996760 -51.474722 -45.294611
72.554056 -51.238226 -45.137722
71.971546 -51.008703 -45.031897
71.556452 -50.721886 -44.845388
71.147763 -50.450345 -44.671536
70.745999 -50.193060 -44.509333
70.351557 -49.949085 -44.357857
70.105006 -49.858040 -44.318566
69.796722 -49.682456 -44.259190
69.474965 -49.494767 -44.193821
69.159151 -49.316109 -44.133927
69.077501 -49.110680 -43.996312
62.136766 -54.618816 -39.918773
62.098558 -54.657783 -39.398900
62.064274 -54.708224 -38.873406
62.030963 -54.755245 -38.370406
61.998593 -54.799105 -37.888608
61.967135 -54.840042 -37.426813
61.936559 -54.878274 -36.983900
61.906835 -54.914003 -36.558823
61.877935 -54.947409 -36.150608
61.849831 -54.978660 -35.758345
61.822497 -55.007912 -35.381182
61.778121 -54.984424 -35.112372
61.723244 -54.998365 -34.790672
61.673680 -55.046173 -34.436285
61.625710 -55.091777 -34.094510
61.579264 -55.135306 -33.764722
61.534274 -55.176883 -33.446340
110.598699 -39.308924 -86.638750
110.385479 -41.443098 -83.246535
108.790675 -45.862108 -75.746133
106.397994 -49.695390 -71.016853
104.018158 -52.270172 -67.710986
100.536772 -54.960295 -63.981446
96.016365 -58.145627 -61.161378
91.062406 -60.406777 -59.178742
90.328847 -59.523964 -57.912224
89.124713 -59.254150 -56.921184
87.707414 -59.679579 -56.455484
86.012618 -59.587959 -55.441365
84.841288 -60.332258 -55.632068
83.194982 -60.795937 -55.465836
81.353216 -60.334156 -54.260578
80.684537 -60.053014 -53.766337
79.451226 -59.615329 -53.063698
79.086693 -59.323138 -52.687297
78.094691 -58.977702 -52.171120
77.386757 -58.737553 -51.898766
76.892643 -58.507119 -51.647140
76.406385 -58.290610 -51.409565
75.928698 -58.087000 -51.185075
75.339595 -57.881108 -50.987305
74.950527 -57.675437 -50.811982
74.567871 -57.479088 -50.644413
74.191944 -57.289931 -50.480279
73.850931 -57.114207 -50.330354
73.586617 -56.923713 -50.164717
73.483472 -56.710173 -49.961520
73.251723 -56.520108 -49.817928
72.996706 -56.341131 -49.692509
72.745834 -56.169705 -49.574143
72.499248 -56.005404 -49.462332
72.244216 -55.831647 -49.340595
65.344964 -62.285337 -45.139364
65.375169 -62.462494 -44.728463
65.380504 -62.572829 -44.283968
65.385308 -62.677815 -43.857235
65.389628 -62.777786 -43.447299
65.393502 -62.873057 -43.053256
65.396969 -62.963915 -42.674260
65.391182 -63.027701 -42.413214
65.383478 -63.116095 -42.054539
65.375842 -63.200640 -41.708872
65.368281 -63.281561 -41.375559
65.360800 -63.359060 -41.053988
65.353402 -63.433334 -40.743585
65.346091 -63.504559 -40.443808
65.338871 -63.572902 -40.154151
110.877620 -42.827981 -88.957742
110.565156 -45.192367 -85.761374
109.338639 -51.151843 -81.394940
106.624130 -55.453472 -75.812363
103.302105 -58.424756 -71.385705
96.003777 -64.952476 -68.204838
93.756441 -64.982566 -66.055176
92.789632 -64.979301 -65.233647
90.606723 -65.147641 -63.822541
88.306097 -65.364115 -62.665548
86.592370 -65.764931 -62.388882
85.896488 -65.721606 -62.026772
85.202075 -65.565743 -61.528926
84.424514 -65.366632 -60.961438
83.500496 -65.310447 -60.520862
82.629712 -65.519755 -60.484500
81.480034 -65.443741 -60.004465
80.962936 -65.255029 -59.624336
80.453520 -65.079130 -59.263392
80.239831 -64.687487 -58.727390
78.996749 -64.505906 -58.303992
78.608077 -64.348644 -58.113437
78.224875 -64.200087 -57.932768
77.841115 -64.057839 -57.760155
77.440242 -63.895311 -57.608192
77.123418 -63.762965 -57.483971
76.811505 -63.637031 -57.366289
76.502102 -63.463970 -57.176354
76.199554 -63.331830 -57.034711
75.902674 -63.205729 -56.899958
75.779931 -63.116862 -56.805741
75.523555 -62.996512 -56.698135
75.271874 -62.881187 -56.595765
75.184814 -62.737192 -56.439878
75.100697 -62.598064 -56.289262
75.019391 -62.463586 -56.143679
67.934340 -69.350868 -51.937147
67.946588 -69.430100 -51.700380
67.976810 -69.594065 -51.317467
68.005653 -69.751008 -50.949110
68.033201 -69.901333 -50.594549
68.059531 -70.045417 -50.253070
68.084714 -70.183613 -49.924004
68.125259 -70.367260 -49.642864
68.146267 -70.491729 -49.334563
68.166368 -70.611296 -49.036967
68.185614 -70.726222 -48.749559
68.204054 -70.836756 -48.471849
68.221731 -70.943125 -48.203380
68.238689 -71.045543 -47.943719
110.827687 -47.500704 -92.354158
110.408766 -50.746680 -90.092991
108.342994 -57.071803 -84.638636
104.084720 -63.588825 -80.332970
100.543226 -66.850020 -77.718572
95.452517 -69.904514 -75.273298
93.674712 -70.391777 -74.073416
91.490329 -70.739656 -72.524010
90.526558 -70.921339 -71.993760
86.661461 -71.232149 -69.975121
85.865687 -70.972042 -69.258343
85.362888 -70.817616 -68.847550
84.858396 -70.676283 -68.456301
84.301022 -70.562491 -68.093367
83.805916 -70.440359 -67.738502
83.315321 -70.318159 -67.386378
82.830551 -70.215542 -67.066285
82.352879 -70.121084 -66.761102
81.883203 -70.034053 -66.470005
81.370097 -69.958581 -66.192343
80.926514 -69.878928 -65.930147
80.442390 -69.670925 -65.525656
80.025252 -69.613607 -65.339988
79.622504 -69.527020 -65.127699
79.220663 -69.488744 -64.976208
78.828323 -69.453449 -64.830899
78.445466 -69.420878 -64.691450
78.221730 -69.367665 -64.606512
77.938328 -69.305264 -64.522825
77.660470 -69.245735 -64.442757
77.388217 -69.188900 -64.366097
77.124648 -69.130603 -64.288044
76.864125 -69.078019 -64.216964
76.609189 -69.027697 -64.148775
76.359794 -68.979504 -64.083315
76.115880 -68.933319 -64.020437
75.877375 -68.889026 -63.959998
75.846397 -68.864336 -63.929338
69.552278 -75.408492 -59.365905
69.605736 -75.621474 -59.057771
69.657110 -75.826092 -58.760944
69.706512 -76.022797 -58.474848
69.754045 -76.212012 -58.198944
69.799808 -76.394129 -57.932724
69.843892 -76.569518 -57.675713
69.886383 -76.738524 -57.427467
69.938159 -76.956038 -57.263246
69.975197 -77.111867 -57.028707
70.010670 -77.261117 -56.800223
70.044918 -77.405215 -56.579067
110.607538 -50.109910 -96.043523
110.148061 -53.351580 -94.065712
107.378956 -61.521885 -90.714952
100.593314 -70.218229 -86.916353
97.702348 -72.084544 -84.493907
94.484049 -73.803747 -83.195130
93.195491 -73.955107 -81.410885
91.282988 -74.244610 -79.623421
90.669147 -74.398888 -79.268509
87.461422 -75.189910 -78.134646
86.881641 -75.188667 -77.737830
86.312762 -75.187447 -77.348476
84.920394 -75.021835 -76.225206
84.487680 -74.946412 -75.884732
83.970928 -74.855397 -75.493882
83.557752 -74.785147 -75.186678
83.142127 -74.725406 -74.900634
82.731831 -74.670733 -74.627309
81.992576 -74.454639 -73.981303
81.640897 -74.399286 -73.807988
81.294132 -74.347479 -73.641976
81.007904 -74.290488 -73.471466
80.660015 -74.252409 -73.318572
80.318923 -74.216893 -73.171835
79.984821 -74.183733 -73.030943
79.657831 -74.152741 -72.895595
79.338614 -74.123259 -72.766743
79.087127 -74.087428 -72.643900
79.056327 -74.019052 -72.527834
78.889898 -73.945286 -72.431671
78.725002 -73.873972 -72.339578
78.597848 -73.938035 -72.463145
78.449985 -73.725870 -72.136706
78.297665 -73.658837 -72.051822
78.147276 -73.593917 -71.970328
77.998923 -73.531021 -71.892038
77.852689 -73.470069 -71.816781
77.787806 -73.576003 -72.006013
77.769663 -73.342183 -71.603136
70.312668 -80.360213 -67.951050
70.350185 -80.541048 -67.707657
70.396877 -80.791938 -67.474349
70.441898 -81.033752 -67.249157
70.485329 -81.266949 -67.031685
70.553859 -81.558444 -66.705052
70.599261 -81.751563 -66.488654
70.644084 -81.950975 -66.291148
70.687980 -82.151314 -66.107034
70.730433 -82.344999 -65.928845
70.771511 -82.532344 -65.756312
110.344627 -51.673866 -99.363727
107.772655 -60.643120 -100.082896
105.388394 -65.634502 -96.004098
99.116123 -72.574739 -92.118986
96.227358 -74.660485 -91.341585
89.673731 -77.647290 -89.813626
88.724312 -77.737212 -88.785475
87.869332 -77.889626 -88.387930
87.383093 -77.915096 -87.825606
86.655114 -78.003154 -87.319819
86.183023 -78.027119 -86.806912
85.515474 -77.902455 -85.634906
84.102634 -77.999217 -84.952585
83.734489 -77.962596 -84.613027
83.307000 -77.977982 -84.438971
82.916339 -77.971207 -84.190702
81.953702 -77.876577 -83.558680
81.681031 -77.816120 -83.301326
81.226437 -77.779907 -83.149901
80.985106 -77.716507 -82.900271
80.744254 -77.655935 -82.661490
80.213247 -77.574588 -82.540960
80.056875 -77.504343 -82.297465
79.899149 -77.436294 -82.064460
79.746123 -77.369492 -81.836926
79.580833 -77.306048 -81.628803
79.416094 -77.244636 -81.429244
79.252280 -77.185183 -81.237776
79.089700 -77.127615 -81.053960
78.928614 -77.071859 -80.877382
78.769237 -77.017847 -80.707655
78.611748 -76.965512 -80.544418
78.461458 -76.914202 -80.382735
78.315509 -76.864191 -80.224935
78.173380 -76.815489 -80.071264
78.130501 -76.782600 -79.946197
78.130501 -76.750570 -79.807658
78.130501 -76.719649 -79.673916
78.130501 -76.689783 -79.544739
78.130501 -76.660924 -79.419912
70.287972 -84.398543 -77.236875
70.315366 -84.530038 -76.998775
70.348929 -84.810901 -76.826062
70.381345 -85.082039 -76.659127
70.412670 -85.343925 -76.497696
70.442954 -85.597006 -76.341513
70.472248 -85.841696 -76.190336
70.500596 -86.078393 -76.043939
70.528042 -86.307462 -75.902107
70.554626 -86.529254 -75.764636
107.375658 -59.483214 -106.466337
106.544566 -61.916748 -105.388069
100.969304 -71.164186 -101.323426
99.639913 -72.531214 -100.202918
94.220300 -76.620729 -98.409621
87.415388 -79.260439 -96.598315
87.423018 -79.146524 -95.579972
86.490960 -79.309757 -95.002927
86.017335 -79.376035 -94.642903
85.538944 -79.443662 -94.287436
85.062972 -79.513604 -93.955717
84.589504 -79.584558 -93.637148
83.113800 -79.742079 -92.946550
82.586923 -79.799957 -92.917680
82.236696 -79.806270 -92.656227
81.888299 -79.813759 -92.405246
81.542877 -79.822232 -92.164298
80.948793 -79.832388 -91.842639
80.638226 -79.807033 -91.548991
80.343237 -79.797215 -91.367472
80.052055 -79.788279 -91.192792
79.765151 -79.780142 -91.024652
79.482891 -79.772728 -90.862758
79.205556 -79.765971 -90.706829
78.933357 -79.759811 -90.556594
78.666446 -79.754193 -90.411793
78.404918 -79.749068 -90.272176
78.148834 -79.744393 -90.137506
78.130501 -79.724297 -90.010215
77.982231 -79.695209 -89.889001
77.808196 -79.665358 -89.772272
77.636871 -79.636341 -89.659560
77.518174 -79.626410 -89.642035
77.434503 -79.629062 -89.687146
77.351599 -79.631689 -89.731844
77.269546 -79.634290 -89.776084
77.188414 -79.636862 -89.819826
77.086814 -79.625042 -89.824101
69.667187 -86.643437 -86.918161
69.661644 -86.682943 -86.980206
69.675314 -86.923665 -86.912515
69.696614 -87.242216 -86.792793
69.717197 -87.549752 -86.677029
69.737096 -87.846809 -86.565038
69.763111 -88.058681 -86.374108
69.788169 -88.264315 -86.190189
69.801213 -88.537446 -86.092946
69.813848 -88.801836 -85.998745
69.826094 -89.057883 -85.907451
69.837968 -89.305960 -85.818936
105.439938 -61.494074 -110.871050
104.926981 -62.786858 -110.553599
98.996125 -71.940017 -108.524257
92.265048 -77.308200 -106.126857
91.461809 -77.820173 -104.863956
88.063285 -79.208747 -104.328592
86.946172 -79.567769 -103.269433
85.716628 -79.889607 -103.250198
84.264742 -80.215209 -102.130798
83.417314 -80.356438 -101.885796
82.270044 -80.517704 -102.094302
81.516909 -80.582651 -102.022163
81.151919 -80.616387 -101.937810
81.005604 -80.643757 -101.524817
80.458526 -80.696871 -101.419301
80.114274 -80.736247 -101.174620
79.773190 -80.774939 -100.939196
79.436151 -80.812893 -100.712674
79.103860 -80.850067 -100.494697
78.397564 -80.812827 -100.006066
78.174051 -80.801042 -99.851434
77.898607 -80.787811 -99.779054
77.680201 -80.776337 -99.631767
77.463977 -80.765015 -99.489439
77.262823 -80.754548 -99.362977
77.137915 -80.730900 -99.305615
76.993745 -80.702952 -99.232777
76.850191 -80.675280 -99.161831
76.707542 -80.647920 -99.092738
76.566041 -80.620904 -99.025458
76.425894 -80.594258 -98.959946
76.287266 -80.568000 -98.896158
75.642929 -80.546101 -98.934621
75.461639 -80.539939 -98.945443
75.283985 -80.533901 -98.956047
75.119295 -80.559432 -99.140948
74.946993 -80.547436 -99.116700
68.115707 -88.173941 -96.352708
68.159032 -88.524355 -96.313770
68.154683 -88.548040 -96.342105
68.168916 -88.812848 -96.314977
68.188507 -89.141147 -96.272456
68.207431 -89.458101 -96.231361
68.224612 -89.764609 -96.196654
68.242312 -90.060484 -96.158038
68.259435 -90.346571 -96.120661
68.276007 -90.623331 -96.084467
68.292054 -90.891194 -96.049404
68.290202 -90.950873 -96.057843
68.313934 -91.090496 -95.933777
